0	0
0.02	0.00913
0.04	-0.00219
0.06	-0.01041
0.08	-0.01074
0.1	-0.01078
0.12	-0.00976
0.14	0.01014
0.16	0.02133
0.18	0.00785
0.2	0.00743
0.22	0.0063
0.24	0.0064
0.26	-0.00435
0.28	0.00587
0.3	-0.00599
0.32	-0.01149
0.34	-0.00824
0.36	-0.01562
0.38	-0.0085
0.4	-0.01338
0.42	-0.00494
0.44	-0.01296
0.46	0.01314
0.48	0.03821
0.5	0.02432
0.52	0.01828
0.54	0.02536
0.56	0.01388
0.58	0.01441
0.6	0.02502
0.62	0.00483
0.64	-0.01015
0.66	-0.03328
0.68	-0.04239
0.7	-0.03714
0.72	-0.0231
0.74	0.01029
0.76	-0.00597
0.78	-0.03784
0.8	0.00571
0.82	0.02801
0.84	0.02851
0.86	0.06126
0.88	0.03728
0.9	-0.00327
0.92	-0.00524
0.94	-0.03075
0.96	-0.06357
0.98	-0.05649
1	-0.06112
1.02	-0.05433
1.04	0.00052
1.06	0.03926
1.08	0.06142
1.1	0.05926
1.12	0.06928
1.14	0.05551
1.16	0.00139
1.18	0.00172
1.2	-0.00377
1.22	-0.01364
1.24	-0.03036
1.26	-0.04408
1.28	-0.04211
1.3	-0.01533
1.32	0.00927
1.34	-0.00826
1.36	-0.00723
1.38	0.01101
1.4	0.02003
1.42	0.0159
1.44	0.01317
1.46	0.03089
1.48	0.07011
1.5	0.04793
1.52	-0.00037
1.54	-0.03408
1.56	-0.05346
1.58	-0.03555
1.6	-0.02625
1.62	-0.02839
1.64	-0.02519
1.66	-0.0369
1.68	-0.02165
1.7	0.02853
1.72	0.0675
1.74	0.06337
1.76	0.04353
1.78	0.02995
1.8	0.00439
1.82	-0.02225
1.84	-0.05441
1.86	-0.03803
1.88	-0.03927
1.9	-0.00206
1.92	0.01762
1.94	0.01251
1.96	0.01806
1.98	0.01845
2	0.04997
2.02	0.02617
2.04	0.00481
2.06	-0.01859
2.08	-0.01592
2.1	-0.0328
2.12	-0.05457
2.14	-0.074
2.16	-0.04008
2.18	0.03081
2.2	0.01556
2.22	0.00576
2.24	0.01296
2.26	0.00125
2.28	0.02976
2.3	0.06164
2.32	0.03788
2.34	0.03333
2.36	-0.01262
2.38	-0.03437
2.4	-0.0404
2.42	-0.01323
2.44	0.02435
2.46	0.03496
2.48	0.0112
2.5	-0.02395
2.52	-0.05838
2.54	-0.0762
2.56	-0.01424
2.58	-0.01699
2.6	-0.02235
2.62	-0.00207
2.64	-0.02765
2.66	0.00473
2.68	0.04862
2.7	0.04735
2.72	0.05778
2.74	0.04315
2.76	0.00792
2.78	-0.00223
2.8	0.04546
2.82	0.06019
2.84	0.02085
2.86	-0.04196
2.88	-0.07479
2.9	-0.042
2.92	-0.04552
2.94	-0.05433
2.96	-0.07742
2.98	-0.06041
3	0.02594
3.02	0.05884
3.04	0.05219
3.06	0.05005
3.08	0.04193
3.1	0.01983
3.12	0.02057
3.14	-0.02657
3.16	-0.07207
3.18	-0.05233
3.2	-0.02425
3.22	0.01348
3.24	0.00985
3.26	0.02644
3.28	0.03169
3.3	0.01089
3.32	0.01043
3.34	-0.00659
3.36	-0.01271
3.38	0.01021
3.4	0.01549
3.42	0.00942
3.44	0.03422
3.46	-0.00517
3.48	-0.04426
3.5	-0.01445
3.52	-0.00355
3.54	-0.00228
3.56	-0.04755
3.58	-0.04917
3.6	0.01995
3.62	0.02887
3.64	0.02473
3.66	-0.0012
3.68	-0.01025
3.7	0.03402
3.72	0.02197
3.74	-0.0417
3.76	-0.02817
3.78	-0.01638
3.8	-0.03597
3.82	0.00469
3.84	0.0237
3.86	-0.00591
3.88	-0.00013
3.9	0.04262
3.92	0.07665
3.94	0.05289
3.96	-0.00785
3.98	-0.06764
4	-0.13307
4.02	-0.07291
4.04	0.01628
4.06	0.05544
4.08	0.08366
4.1	0.03795
4.12	-0.00011
4.14	0.01988
4.16	0.0059
4.18	-0.00248
4.2	-0.01161
4.22	-0.03032
4.24	-0.01394
4.26	-0.02852
4.28	0.00568
4.3	0.0018
4.32	-0.01639
4.34	-0.00439
4.36	0.00494
4.38	0.01785
4.4	0.03722
4.42	0.03658
4.44	0.01633
4.46	0.01627
4.48	0.01632
4.5	0.02517
4.52	-0.02407
4.54	-0.03474
4.56	0.01301
4.58	0.02885
4.6	0.0361
4.62	0.01018
4.64	-0.02162
4.66	-0.00253
4.68	-0.00089
4.7	-0.00432
4.72	-0.03299
4.74	-0.06701
4.76	-0.07992
4.78	-0.06982
4.8	-0.0203
4.82	0.05002
4.84	0.10806
4.86	0.13161
4.88	0.10323
4.9	0.00776
4.92	-0.0283
4.94	-0.03232
4.96	-0.07272
4.98	-0.05242
5	-0.0213
5.02	0.00743
5.04	0.0212
5.06	-0.01011
5.08	-0.01145
5.1	0.00817
5.12	0.00937
5.14	-0.00039
5.16	0.03205
5.18	0.07102
5.2	0.08618
5.22	0.02594
5.24	0.01471
5.26	0.09892
5.28	0.09552
5.3	0.00048
5.32	-0.08711
5.34	-0.13504
5.36	-0.16779
5.38	-0.21559
5.4	-0.20541
5.42	-0.16726
5.44	-0.12595
5.46	-0.0405
5.48	0.04622
5.5	0.11817
5.52	0.15632
5.54	0.16634
5.56	0.1884
5.58	0.12226
5.6	0.02181
5.62	0.01884
5.64	0.04607
5.66	0.12157
5.68	0.18841
5.7	0.15582
5.72	0.0181
5.74	-0.06058
5.76	-0.10819
5.78	-0.1492
5.8	-0.13195
5.82	-0.05101
5.84	0.02594
5.86	-0.01302
5.88	-0.04099
5.9	-0.04398
5.92	-0.00603
5.94	0.07588
5.96	0.06547
5.98	-0.0557
6	-0.18162
6.02	-0.23739
6.04	-0.24307
6.06	-0.21074
6.08	-0.134
6.1	-0.09316
6.12	-0.00873
6.14	0.08833
6.16	0.13534
6.18	0.18623
6.2	0.09294
6.22	-0.01474
6.24	0.03845
6.26	0.13252
6.28	0.08605
6.3	0.09036
6.32	0.20356
6.34	0.26086
6.36	0.29536
6.38	0.23825
6.4	0.05658
6.42	-0.02032
6.44	0.07297
6.46	0.08221
6.48	0.06536
6.5	0.10334
6.52	0.03491
6.54	-0.09878
6.56	-0.17684
6.58	-0.1714
6.6	-0.09358
6.62	-0.01632
6.64	-0.02925
6.66	-0.11227
6.68	-0.19616
6.7	-0.17987
6.72	-0.05318
6.74	0.02188
6.76	-0.00174
6.78	-0.02114
6.8	-0.0875
6.82	-0.22404
6.84	-0.27345
6.86	-0.19158
6.88	-0.04132
6.9	-0.04049
6.92	-0.09185
6.94	-0.16232
6.96	-0.11968
6.98	0.09402
7	0.13406
7.02	0.0816
7.04	0.03861
7.06	0.05464
7.08	0.1573
7.1	0.18369
7.12	0.16407
7.14	0.17222
7.16	0.01884
7.18	-0.17044
7.2	-0.23529
7.22	-0.29251
7.24	-0.31791
7.26	-0.31234
7.28	-0.16208
7.3	-0.02599
7.32	-0.02517
7.34	-0.01304
7.36	0.04933
7.38	0.11368
7.4	0.14168
7.42	0.14902
7.44	0.14654
7.46	0.16894
7.48	0.15732
7.5	0.11322
7.52	-0.00169
7.54	-0.08258
7.56	0.00371
7.58	0.15293
7.6	0.20256
7.62	0.14013
7.64	0.02883
7.66	0.02812
7.68	0.13021
7.7	0.17605
7.72	0.16437
7.74	0.11148
7.76	0.08406
7.78	0.10979
7.8	0.08016
7.82	0.10717
7.84	0.19671
7.86	0.19007
7.88	0.096
7.9	-0.00141
7.92	-0.03371
7.94	-0.02893
7.96	-0.04709
7.98	-0.0981
8	-0.07754
8.02	-0.07705
8.04	-0.08634
8.06	-0.1317
8.08	-0.15133
8.1	-0.03836
8.12	-0.00767
8.14	-0.00809
8.16	-0.00908
8.18	-0.00469
8.2	0.04999
8.22	0.04565
8.24	0.01251
8.26	-0.04864
8.28	-0.1092
8.3	-0.01902
8.32	0.11631
8.34	0.09039
8.36	0.00262
8.38	0.01465
8.4	0.07049
8.42	-0.04079
8.44	-0.19956
8.46	-0.19829
8.48	-0.12005
8.5	-0.08458
8.52	-0.22836
8.54	-0.39619
8.56	-0.36865
8.58	-0.22267
8.6	-0.18372
8.62	-0.14022
8.64	-0.033
8.66	0.0244
8.68	0.03049
8.7	0.05776
8.72	0.07688
8.74	0.00881
8.76	-0.01171
8.78	-0.01395
8.8	0.0444
8.82	0.06581
8.84	-0.00185
8.86	0.00978
8.88	0.04164
8.9	0.05296
8.92	0.15059
8.94	0.31189
8.96	0.40716
8.98	0.39543
9	0.22779
9.02	0.04867
9.04	-0.03709
9.06	-0.02549
9.08	0.02883
9.1	0.04811
9.12	0.05622
9.14	0.027
9.16	-0.11342
9.18	-0.22681
9.2	-0.13964
9.22	0.03621
9.24	0.12362
9.26	0.12523
9.28	0.05012
9.3	-0.03376
9.32	-0.05161
9.34	-0.11477
9.36	-0.11817
9.38	-0.04952
9.4	-0.00882
9.42	-0.08978
9.44	-0.15386
9.46	-0.05688
9.48	0.11268
9.5	0.15868
9.52	-0.04435
9.54	-0.19554
9.56	-0.25156
9.58	-0.22821
9.6	-0.16514
9.62	-0.15817
9.64	-0.09875
9.66	0.01642
9.68	0.12687
9.7	0.21057
9.72	0.22213
9.74	0.13385
9.76	0.06747
9.78	-0.01941
9.8	0.00262
9.82	0.1782
9.84	0.20275
9.86	0.14944
9.88	0.14061
9.9	0.10491
9.92	-0.00887
9.94	-0.10398
9.96	-0.05138
9.98	-0.01197
10	-0.09631
10.02	-0.07829
10.04	0.00239
10.06	-0.00789
10.08	0.00971
10.1	-0.01271
10.12	-0.16484
10.14	-0.26887
10.16	-0.23776
10.18	-0.18725
10.2	-0.1918
10.22	-0.21699
10.24	-0.17772
10.26	-0.06106
10.28	-0.04198
10.3	0.04847
10.32	0.22925
10.34	0.39871
10.36	0.36189
10.38	0.06175
10.4	0.06773
10.42	0.20512
10.44	0.24408
10.46	0.26989
10.48	0.18564
10.5	0.00746
10.52	0.02004
10.54	0.03764
10.56	-0.06822
10.58	-0.03504
10.6	0.02457
10.62	0.05307
10.64	0.03706
10.66	0.03611
10.68	0.0537
10.7	0.12194
10.72	0.22173
10.74	0.17209
10.76	0.06037
10.78	0.02125
10.8	0.07359
10.82	0.10855
10.84	0.0601
10.86	0.06216
10.88	0.04527
10.9	-0.08095
10.92	-0.20356
10.94	-0.26504
10.96	-0.29721
10.98	-0.32325
11	-0.44337
11.02	-0.38734
11.04	-0.17654
11.06	-0.20374
11.08	-0.19726
11.1	-0.09809
11.12	-0.03055
11.14	-0.04331
11.16	-0.13779
11.18	-0.23651
11.2	-0.19441
11.22	0.05464
11.24	0.11325
11.26	-0.07717
11.28	-0.20911
11.3	-0.20308
11.32	-0.04683
11.34	0.1341
11.36	0.2001
11.38	0.25778
11.4	0.31541
11.42	0.25549
11.44	0.15787
11.46	0.16159
11.48	0.22513
11.5	0.24134
11.52	0.29163
11.54	0.31678
11.56	0.26015
11.58	0.07204
11.6	-0.11755
11.62	-0.1914
11.64	-0.23728
11.66	-0.2066
11.68	-0.20211
11.7	-0.09185
11.72	0.09028
11.74	0.05737
11.76	-0.04674
11.78	-0.01936
11.8	0.04308
11.82	0.07239
11.84	0.11339
11.86	0.08282
11.88	0.07146
11.9	0.22347
11.92	0.31894
11.94	0.20657
11.96	0.05933
11.98	-0.03864
12	-0.07642
12.02	-0.07392
12.04	-0.02604
12.06	-0.02505
12.08	-0.05851
12.1	-0.02265
12.12	-0.05585
12.14	-0.12692
12.16	-0.13076
12.18	-0.08144
12.2	-0.10131
12.22	-0.09951
12.24	-0.02915
12.26	0.02379
12.28	0.06064
12.3	-0.04276
12.32	-0.15956
12.34	-0.16793
12.36	-0.07178
12.38	0.05689
12.4	0.01432
12.42	-0.13823
12.44	-0.17676
12.46	-0.13402
12.48	-0.1761
12.5	-0.26357
12.52	-0.31089
12.54	-0.2766
12.56	-0.28868
12.58	-0.19763
12.6	0.10787
12.62	0.23584
12.64	0.1739
12.66	0.06814
12.68	0.02272
12.7	0.08564
12.72	0.12231
12.74	0.07078
12.76	0.0043
12.78	0.05061
12.8	0.1635
12.82	0.20867
12.84	0.27099
12.86	0.27598
12.88	0.24341
12.9	0.2911
12.92	0.30711
12.94	0.19995
12.96	0.04974
12.98	-0.04466
13	-0.11072
13.02	-0.11551
13.04	-0.1131
13.06	-0.13748
13.08	-0.15114
13.1	-0.11633
13.12	-0.05698
13.14	-0.00672
13.16	0.0425
13.18	0.08574
13.2	0.09969
13.22	0.05715
13.24	0.07847
13.26	0.1511
13.28	0.05262
13.3	-0.11809
13.32	-0.18801
13.34	-0.17392
13.36	-0.13667
13.38	-0.10755
13.4	-0.07537
13.42	-0.04979
13.44	-0.1402
13.46	-0.20139
13.48	-0.0868
13.5	0.03157
13.52	0.03165
13.54	-0.08194
13.56	-0.12989
13.58	-0.10066
13.6	-0.12322
13.62	-0.09641
13.64	0.01222
13.66	0.08108
13.68	0.15112
13.7	0.22578
13.72	0.20877
13.74	0.09083
13.76	-0.01936
13.78	0.01555
13.8	0.10185
13.82	0.15982
13.84	0.15128
13.86	0.01779
13.88	-0.19361
13.9	-0.19357
13.92	0.00248
13.94	0.03818
13.96	0.00109
13.98	0.01209
14	0.07099
14.02	0.08132
14.04	0.11319
14.06	0.24056
14.08	0.32426
14.1	0.32711
14.12	0.277
14.14	0.21228
14.16	0.11049
14.18	0.00814
14.2	-0.06788
14.22	-0.09045
14.24	-0.08293
14.26	-0.11699
14.28	-0.08091
14.3	0.06863
14.32	0.11247
14.34	-0.06172
14.36	-0.21081
14.38	-0.24361
14.4	-0.18624
14.42	-0.07355
14.44	-0.01627
14.46	-0.04627
14.48	-0.04352
14.5	-0.01157
14.52	-0.02284
14.54	-0.04765
14.56	-0.10589
14.58	-0.15898
14.6	-0.163
14.62	-0.16058
14.64	-0.18741
14.66	-0.24002
14.68	-0.26129
14.7	-0.20705
14.72	-0.12371
14.74	-0.04746
14.76	0.00138
14.78	0.07242
14.8	0.14427
14.82	0.22588
14.84	0.33152
14.86	0.2858
14.88	0.16314
14.9	0.13486
14.92	0.09455
14.94	-0.0149
14.96	-0.0095
14.98	0.06294
15	0.01462
15.02	-0.08052
15.04	-0.09607
15.06	-0.04275
15.08	0.04272
15.1	0.12538
15.12	0.1596
15.14	0.13957
15.16	0.07717
15.18	0.00234
15.2	-0.02192
15.22	-0.00114
15.24	-0.08354
15.26	-0.18124
15.28	-0.18252
15.3	-0.14923
15.32	-0.13997
15.34	-0.16973
15.36	-0.20934
15.38	-0.13478
15.4	-0.00625
15.42	0.01617
15.44	-0.08427
15.46	-0.16526
15.48	-0.15842
15.5	-0.14077
15.52	-0.07914
15.54	0.02453
15.56	0.1554
15.58	0.17822
15.6	0.18342
15.62	0.2512
15.64	0.30216
15.66	0.35848
15.68	0.32305
15.7	0.22731
15.72	0.14516
15.74	0.10236
15.76	0.07183
15.78	0.07332
15.8	0.08187
15.82	0.01198
15.84	-0.05793
15.86	-0.02637
15.88	-0.00866
15.9	-0.1067
15.92	-0.14165
15.94	-0.1175
15.96	-0.10572
15.98	-0.04543
16	0.08855
16.02	0.09116
16.04	-0.01608
16.06	-0.09569
16.08	-0.12042
16.1	-0.10813
16.12	-0.08596
16.14	-0.10524
16.16	-0.22884
16.18	-0.31937
16.2	-0.32368
16.22	-0.28433
16.24	-0.22064
16.26	-0.12805
16.28	-0.06067
16.3	0.01272
16.32	0.11859
16.34	0.18391
16.36	0.19303
16.38	0.13826
16.4	0.07504
16.42	0.02001
16.44	-0.05163
16.46	-0.05585
16.48	0.01346
16.5	0.04179
16.52	0.08807
16.54	0.16768
16.56	0.21424
16.58	0.23278
16.6	0.17174
16.62	0.1047
16.64	0.10563
16.66	0.0925
16.68	0.03351
16.7	-0.00217
16.72	-0.00985
16.74	-0.0038
16.76	0.02233
16.78	0.07182
16.8	0.12312
16.82	0.15966
16.84	0.17604
16.86	0.16872
16.88	0.12636
16.9	0.12076
16.92	0.11462
16.94	-0.00856
16.96	-0.11025
16.98	-0.12687
17	-0.11348
17.02	-0.13605
17.04	-0.19158
17.06	-0.21358
17.08	-0.17526
17.1	-0.15733
17.12	-0.25604
17.14	-0.36802
17.16	-0.39797
17.18	-0.37272
17.2	-0.32846
17.22	-0.22372
17.24	-0.11351
17.26	-0.10442
17.28	-0.13285
17.3	-0.13235
17.32	-0.06821
17.34	0.06681
17.36	0.19486
17.38	0.33207
17.4	0.41864
17.42	0.38154
17.44	0.30922
17.46	0.22239
17.48	0.0891
17.5	0.00493
17.52	-0.01626
17.54	-0.03018
17.56	0.00371
17.58	0.05528
17.6	0.12199
17.62	0.13331
17.64	0.1353
17.66	0.16749
17.68	0.15389
17.7	0.14315
17.72	0.14509
17.74	0.10671
17.76	0.09176
17.78	0.11118
17.8	0.0544
17.82	0.01774
17.84	0.00987
17.86	-0.03986
17.88	-0.12171
17.9	-0.23804
17.92	-0.33841
17.94	-0.35966
17.96	-0.31135
17.98	-0.22127
18	-0.10801
18.02	0.01309
18.04	0.10037
18.06	0.11896
18.08	0.073
18.1	0.00689
18.12	-0.04522
18.14	-0.08165
18.16	-0.09548
18.18	-0.06893
18.2	0.01612
18.22	0.11777
18.24	0.15705
18.26	0.16066
18.28	0.19362
18.3	0.2486
18.32	0.26527
18.34	0.20668
18.36	0.13274
18.38	0.06586
18.4	0.04636
18.42	0.01254
18.44	-0.03396
18.46	-0.10143
18.48	-0.17679
18.5	-0.19972
18.52	-0.19582
18.54	-0.16848
18.56	-0.14726
18.58	-0.09539
18.6	-0.08714
18.62	-0.11449
18.64	-0.09302
18.66	-0.07658
18.68	-0.10199
18.7	-0.13326
18.72	-0.12236
18.74	-0.09513
18.76	-0.0699
18.78	-0.01211
18.8	0.07988
18.82	0.14879
18.84	0.15119
18.86	0.14429
18.88	0.16406
18.9	0.14721
18.92	0.08525
18.94	0.04311
18.96	0.04173
18.98	0.00844
19	-0.03116
19.02	-0.04351
19.04	-0.02975
19.06	-0.03211
19.08	-0.08335
19.1	-0.11413
19.12	-0.15263
19.14	-0.18043
19.16	-0.14382
19.18	-0.12225
19.2	-0.11644
19.22	-0.06362
19.24	-0.01066
19.26	-0.00714
19.28	0.00248
19.3	0.04903
19.32	0.10088
19.34	0.10746
19.36	0.09689
19.38	0.09118
19.4	0.06221
19.42	0.05723
19.44	0.0798
19.46	0.11429
19.48	0.13087
19.5	0.12383
19.52	0.13831
19.54	0.17811
19.56	0.17743
19.58	0.11839
19.6	0.07022
19.62	0.04337
19.64	0.02521
19.66	0.00115
19.68	-0.01431
19.7	-0.02354
19.72	-0.0402
19.74	-0.05187
19.76	-0.09281
19.78	-0.10951
19.8	-0.09845
19.82	-0.10364
19.84	-0.10093
19.86	-0.09783
19.88	-0.07279
19.9	-0.0039
19.92	0.01938
19.94	-0.01839
19.96	-0.023
19.98	0.00935
20	0.04178
20.02	0.03496
20.04	-0.01351
20.06	-0.02302
20.08	0.0102
20.1	0.02845
20.12	0.04597
20.14	0.05304
20.16	0.04922
20.18	0.03622
20.2	0.00573
20.22	-0.01256
20.24	-0.00187
20.26	0.02935
20.28	0.03261
20.3	0.00342
20.32	-0.02296
20.34	0.0125
20.36	0.01203
20.38	-0.02582
20.4	-0.01584
20.42	-0.00739
20.44	-0.00599
20.46	-0.01959
20.48	-0.03481
20.5	-0.01493
20.52	-0.01929
20.54	-0.03429
20.56	-0.0319
20.58	-0.03545
20.6	-0.03371
20.62	-0.04571
20.64	-0.05908
20.66	-0.0746
20.68	-0.07762
20.7	-0.06344
20.72	-0.04588
20.74	-0.01137
20.76	-0.00827
20.78	-0.03006
20.8	-0.03834
20.82	-0.034
20.84	-0.02104
20.86	-0.02118
20.88	-0.02191
20.9	0.00718
20.92	0.022
20.94	0.02182
20.96	0.03656
20.98	0.04164
21	0.04148
21.02	0.02835
21.04	0.02484
21.06	0.03935
21.08	0.04204
21.1	0.05279
21.12	0.02983
21.14	0.00176
21.16	0.01499
21.18	0.03849
21.2	0.06123
21.22	0.04559
21.24	0.02904
21.26	0.03352
21.28	0.03225
21.3	0.01707
21.32	0.02047
21.34	0.03313
21.36	0.01946
21.38	0.01981
21.4	0.01857
21.42	0.01183
21.44	0.01879
21.46	0.01277
21.48	-0.01551
21.5	-0.00889
21.52	0.01979
21.54	0.02226
21.56	0.01433
21.58	-0.01256
21.6	-0.03246
21.62	-0.0306
21.64	-0.03805
21.66	-0.04552
21.68	-0.02175
21.7	-0.00383
21.72	-0.00311
21.74	-0.00422
21.76	-0.01793
21.78	-0.03521
21.8	-0.04261
21.82	-0.03986
21.84	-0.04906
21.86	-0.06143
21.88	-0.0494
21.9	-0.02334
21.92	-0.01326
21.94	-0.01764
21.96	-0.02345
21.98	-0.01465
22	0.00416
22.02	0.00771
22.04	0.00653
22.06	0.00929
22.08	0.01525
22.1	0.00337
22.12	-0.0241
22.14	-0.04645
22.16	-0.04485
22.18	-0.01869
22.2	-0.01678
22.22	-0.02604
22.24	-0.00905
22.26	0.00651
22.28	0.02923
22.3	0.04775
22.32	0.06112
22.34	0.07449
22.36	0.07482
22.38	0.0758
22.4	0.08501
22.42	0.09924
22.44	0.09801
22.46	0.08099
22.48	0.06327
22.5	0.0347
22.52	0.01809
22.54	0.01777
22.56	0.00741
22.58	0.00656
22.6	0.00842
22.62	0.00755
22.64	0.01062
22.66	0.02083
22.68	0.02709
22.7	0.02679
22.72	0.02704
22.74	0.01184
22.76	-0.00899
22.78	-0.00998
22.8	-0.00123
22.82	-0.00458
22.84	-0.01027
22.86	-0.01925
22.88	-0.01748
22.9	-0.01028
22.92	-0.01177
22.94	-0.01024
22.96	-0.01185
22.98	-0.01039
23	-0.00367
23.02	-0.00337
23.04	-0.02368
23.06	-0.04602
23.08	-0.05066
23.1	-0.02935
23.12	-0.02806
23.14	-0.05441
23.16	-0.04714
23.18	-0.04455
23.2	-0.07139
23.22	-0.09661
23.24	-0.11214
23.26	-0.12493
23.28	-0.12337
23.3	-0.09323
23.32	-0.0482
23.34	-0.04251
23.36	-0.05752
23.38	-0.05214
23.4	-0.04426
23.42	-0.01658
23.44	0.00231
23.46	-0.00681
23.48	-0.01815
23.5	-0.02043
23.52	-0.00572
23.54	-0.00157
23.56	-0.0009
23.58	-0.00684
23.6	-0.01105
23.62	0.00393
23.64	0.01438
23.66	0.02348
23.68	0.03634
23.7	0.03444
23.72	0.03059
23.74	0.0492
23.76	0.05655
23.78	0.0561
23.8	0.0596
23.82	0.06766
23.84	0.0562
23.86	0.04035
23.88	0.04553
23.9	0.04696
23.92	0.04671
23.94	0.05033
23.96	0.07478
23.98	0.08334
24	0.07216
24.02	0.04501
24.04	0.0262
24.06	0.03011
24.08	0.01382
24.1	-0.00108
24.12	0.00517
24.14	0.01778
24.16	0.0164
24.18	0.01934
24.2	0.0084
24.22	0.00285
24.24	0.0066
24.26	-0.00017
24.28	-0.00255
24.3	-0.0081
24.32	0.004
24.34	0.00547
24.36	-0.01529
24.38	-0.02311
24.4	-0.03589
24.42	-0.02949
24.44	-0.01306
24.46	-0.03015
24.48	-0.03814
24.5	-0.04521
24.52	-0.04789
24.54	-0.03786
24.56	-0.02117
24.58	-0.01024
24.6	-0.0048
24.62	0.0004
24.64	-0.00817
24.66	-0.01952
24.68	-0.02043
24.7	-0.02093
24.72	-0.02308
24.74	-0.00817
24.76	0.01295
24.78	0.00723
24.8	-0.00047
24.82	0.00273
24.84	-0.0003
24.86	0.00138
24.88	0.01458
24.9	0.03598
24.92	0.0208
24.94	0.00249
24.96	0.01242
24.98	0.00657
25	-0.00223
25.02	-0.00045
25.04	-0.00369
25.06	-0.01037
25.08	-0.0112
25.1	-0.01618
25.12	-0.02659
25.14	-0.02964
25.16	-0.02134
25.18	-0.00502
25.2	0.01261
25.22	0.01838
25.24	0.01729
25.26	0.02067
25.28	0.03072
25.3	0.02467
25.32	0.01776
25.34	0.01792
25.36	0.0168
25.38	0.02753
25.4	0.02587
25.42	0.03413
25.44	0.05115
25.46	0.06474
25.48	0.04866
25.5	0.03034
25.52	0.0358
25.54	0.03893
25.56	0.03645
25.58	0.01869
25.6	0.02215
25.62	0.02486
25.64	0.01339
25.66	0.01237
25.68	0.01317
25.7	0.00562
25.72	0.00345
25.74	-0.00311
25.76	-0.02097
25.78	-0.04242
25.8	-0.0497
25.82	-0.04868
25.84	-0.02885
25.86	0.00231
25.88	-0.00073
25.9	-0.01709
25.92	-0.02343
25.94	-0.00962
25.96	-0.00594
25.98	-0.01519
26	-0.03905
26.02	-0.06516
26.04	-0.06906
26.06	-0.06608
26.08	-0.0569
26.1	-0.04999
26.12	-0.05925
26.14	-0.05028
26.16	-0.03934
26.18	-0.0523
26.2	-0.05349
26.22	-0.04438
26.24	-0.03827
26.26	-0.03932
26.28	-0.03064
26.3	-0.02105
26.32	-0.02215
26.34	-0.02983
26.36	-0.02884
26.38	-0.01267
26.4	0.0046
26.42	0.02105
26.44	0.02665
26.46	0.0052
26.48	-0.01236
26.5	-0.02353
26.52	-0.02637
26.54	0.00149
26.56	0.02363
26.58	0.04182
26.6	0.04545
26.62	0.03786
26.64	0.0334
26.66	0.01115
26.68	-0.00423
26.7	0.0035
26.72	0.0154
26.74	0.02119
26.76	0.01287
26.78	0.00794
26.8	0.00798
26.82	0.00855
26.84	0.00554
26.86	-0.00204
26.88	0.00081
26.9	0.01475
26.92	0.02726
26.94	0.03402
26.96	0.04276
26.98	0.04733
27	0.04551
27.02	0.03794
27.04	0.04436
27.06	0.04804
27.08	0.05659
27.1	0.06629
27.12	0.05327
27.14	0.0384
27.16	0.03745
27.18	0.0385
27.2	0.01578
27.22	0.00991
27.24	0.01733
27.26	0.01001
27.28	-0.00044
27.3	-0.00996
27.32	-0.01106
27.34	-0.01169
27.36	-0.02734
27.38	-0.03523
27.4	-0.02764
27.42	-0.02767
27.44	-0.01561
27.46	-0.00744
27.48	-0.01573
27.5	-0.02917
27.52	-0.02908
27.54	-0.01382
27.56	0.01216
27.58	0.03699
27.6	0.03516
27.62	0.0057
27.64	-0.01201
27.66	0.00408
27.68	0.00194
27.7	-0.01675
27.72	-0.02009
27.74	-0.0133
27.76	-0.00675
27.78	-0.00628
27.8	-0.01163
27.82	-0.01983
27.84	-0.01478
27.86	-0.00454
27.88	0.00473
27.9	0.00851
27.92	-0.00246
27.94	-0.01142
27.96	-0.02393
27.98	-0.03228
28	-0.02988
28.02	-0.01534
28.04	-0.0028
28.06	-0.00829
28.08	-0.01161
28.1	-0.00818
28.12	-0.00081
28.14	0.00066
28.16	-0.00245
28.18	-0.00853
28.2	0.00115
28.22	0.00806
28.24	0.00794
28.26	0.00446
28.28	-0.00258
28.3	-0.00146
28.32	-0.00302
28.34	-0.00887
28.36	-0.01317
28.38	-0.02835
28.4	-0.03714
28.42	-0.02371
28.44	-0.00255
28.46	0.00899
28.48	0.00088
28.5	-0.00049
28.52	0.00745
28.54	0.00689
28.56	0.01665
28.58	0.02557
28.6	0.01296
28.62	-0.00411
28.64	-0.01114
28.66	-0.00484
28.68	0.00931
28.7	0.02464
28.72	0.03083
28.74	0.03919
28.76	0.03803
28.78	0.02807
28.8	0.0097
28.82	0.00627
28.84	0.0113
28.86	0.00787
28.88	0.00808
28.9	0.00764
28.92	0.00769
28.94	-0.00397
28.96	-0.01081
28.98	-0.01138
29	-0.0062
29.02	0.00106
29.04	0.00796
29.06	0.00773
29.08	0.01119
29.1	0.01863
29.12	0.00932
29.14	-0.00275
29.16	-0.01103
29.18	-0.00562
29.2	-0.00219
29.22	0.00384
29.24	0.00438
29.26	-0.00531
29.28	-0.01026
29.3	-0.00884
29.32	0.00288
29.34	0.00743
29.36	-0.00409
29.38	-0.0224
29.4	-0.02921
29.42	-0.02137
29.44	-0.02513
29.46	-0.03232
29.48	-0.03478
29.5	-0.02847
29.52	-0.03201
29.54	-0.03947
29.56	-0.03872
29.58	-0.03953
29.6	-0.039
29.62	-0.0345
29.64	-0.02357
29.66	-0.0317
29.68	-0.03185
29.7	-0.03224
29.72	-0.04054
29.74	-0.03058
29.76	-0.00905
29.78	-0.00088
29.8	-0.00773
29.82	-0.00158
29.84	0.00133
29.86	0.00716
29.88	0.01575
29.9	0.01091
29.92	0.00254
29.94	0.00528
29.96	0.02437
29.98	0.04829
30	0.06618
30.02	0.0652
30.04	0.05884
30.06	0.05673
30.08	0.04904
30.1	0.04841
30.12	0.03903
30.14	0.03088
30.16	0.02858
30.18	0.02291
30.2	0.01693
30.22	0.01439
30.24	0.0222
30.26	0.03373
30.28	0.03447
30.3	0.01652
30.32	0.01513
30.34	0.02734
30.36	0.02902
30.38	0.03198
30.4	0.03164
30.42	0.02842
30.44	0.01654
30.46	0.00656
30.48	0.011
30.5	0.01001
30.52	0.00503
30.54	0.00673
30.56	0.0016
30.58	0.00139
30.6	-0.00031
30.62	-0.00826
30.64	-0.01708
30.66	-0.02872
30.68	-0.02474
30.7	-0.01936
30.72	-0.01659
30.74	-0.02201
30.76	-0.02708
30.78	-0.02726
30.8	-0.0268
30.82	-0.02757
30.84	-0.02633
30.86	-0.02881
30.88	-0.03571
30.9	-0.03103
30.92	-0.02171
30.94	-0.01766
30.96	-0.02464
30.98	-0.03623
31	-0.04471
31.02	-0.04924
31.04	-0.05502
31.06	-0.04659
31.08	-0.04705
31.1	-0.04144
31.12	-0.03108
31.14	-0.02115
31.16	-0.00927
31.18	-0.01365
31.2	-0.02365
31.22	-0.02309
31.24	-0.01571
31.26	-0.00885
31.28	0.00347
31.3	0.01493
31.32	0.0234
31.34	0.02442
31.36	0.02473
31.38	0.02565
31.4	0.01697
31.42	0.02083
31.44	0.02637
31.46	0.01793
31.48	0.02483
31.5	0.02503
31.52	0.01125
31.54	0.01361
31.56	0.02931
31.58	0.03703
31.6	0.04311
31.62	0.05059
31.64	0.05632
31.66	0.06351
31.68	0.06484
31.7	0.05229
31.72	0.03786
31.74	0.03581
31.76	0.02698
31.78	0.02732
31.8	0.03498
31.82	0.02821
31.84	0.02682
31.86	0.02344
31.88	0.01233
31.9	0.00184
31.92	-0.00999
31.94	-0.0072
31.96	-0.00251
31.98	-0.01069
32	-0.01242
32.02	-0.01742
32.04	-0.02343
32.06	-0.021
32.08	-0.02561
32.1	-0.02988
32.12	-0.02199
32.14	-0.02053
32.16	-0.03074
32.18	-0.04133
32.2	-0.04183
32.22	-0.04201
32.24	-0.04104
32.26	-0.04362
32.28	-0.03714
32.3	-0.02195
32.32	-0.021
32.34	-0.03403
32.36	-0.04254
32.38	-0.0357
32.4	-0.02096
32.42	-0.01713
32.44	-0.02548
32.46	-0.01874
32.48	-0.01539
32.5	-0.01551
32.52	-0.01523
32.54	-0.00641
32.56	-0.00709
32.58	-0.00061
32.6	0.00134
32.62	-0.00606
32.64	-0.00605
32.66	-0.00242
32.68	0.00462
32.7	0.00567
32.72	0.01174
32.74	0.01405
32.76	0.01277
32.78	0.01786
32.8	0.02233
32.82	0.01402
32.84	0.0221
32.86	0.02313
32.88	0.01531
32.9	0.01387
32.92	0.01427
32.94	0.02236
32.96	0.02368
32.98	0.02585
33	0.01906
33.02	0.01478
33.04	0.02281
33.06	0.02438
33.08	0.02397
33.1	0.02553
33.12	0.01956
33.14	0.02112
33.16	0.02553
33.18	0.025
33.2	0.02377
33.22	0.01521
33.24	0.00886
33.26	0.00481
33.28	0.00752
33.3	0.00025
33.32	-0.00282
33.34	-0.0079
33.36	-0.01316
33.38	-0.01306
33.4	-0.00593
33.42	-0.00652
33.44	-0.01267
33.46	-0.01673
33.48	-0.0298
33.5	-0.03234
33.52	-0.0314
33.54	-0.02066
33.56	-0.01249
33.58	-0.01371
33.6	-0.01247
33.62	-0.01463
33.64	-0.02168
33.66	-0.02394
33.68	-0.02202
33.7	-0.01519
33.72	-0.01427
33.74	-0.01526
33.76	-0.01454
33.78	-0.02364
33.8	-0.03149
33.82	-0.02461
33.84	-0.01419
33.86	-0.00733
33.88	-0.00176
33.9	0.00418
33.92	0.00235
33.94	0.00554
33.96	0.01146
33.98	0.01901
34	0.02058
34.02	0.01218
34.04	0.01333
34.06	0.01164
34.08	0.01337
34.1	0.00896
34.12	-0.00282
34.14	-0.00896
34.16	-0.00498
34.18	0.00216
34.2	0.01078
34.22	0.02019
34.24	0.0223
34.26	0.02166
34.28	0.01459
34.3	0.01163
34.32	0.01397
34.34	0.02134
34.36	0.02155
34.38	0.02883
34.4	0.03237
34.42	0.02416
34.44	0.02304
34.46	0.02301
34.48	0.02415
34.5	0.01976
34.52	0.00441
34.54	-0.00194
34.56	0.00559
34.58	0.00529
34.6	0.00746
34.62	0.01632
34.64	0.00815
34.66	-0.00334
34.68	-0.00357
34.7	-0.00449
34.72	-0.00349
34.74	-0.00844
34.76	-0.01496
34.78	-0.01368
34.8	-0.00687
34.82	-0.00431
34.84	-0.00459
34.86	-0.00953
34.88	-0.01576
34.9	-0.00899
34.92	-0.00877
34.94	-0.01317
34.96	-0.0134
34.98	-0.00859
35	-0.0025
35.02	-0.00338
35.04	-0.00275
35.06	-0.00319
35.08	-0.00275
35.1	0.00585
35.12	0.00425
35.14	-0.00206
35.16	-0.00094
35.18	-0.00346
35.2	-0.00338
35.22	-0.00278
35.24	-0.00801
35.26	-0.01361
35.28	-0.01166
35.3	-0.00348
35.32	0.00638
35.34	0.01386
35.36	0.00474
35.38	-0.0033
35.4	-0.00196
35.42	-0.00351
35.44	0.00532
35.46	0.00917
35.48	0.00682
35.5	0.00501
35.52	-0.00967
35.54	-0.00667
35.56	-0.00678
35.58	-0.01401
35.6	-0.01265
35.62	-0.01402
35.64	-0.01335
35.66	-0.01417
35.68	-0.01387
35.7	-0.01418
35.72	-0.01454
35.74	-0.0099
35.76	-0.00128
35.78	0.00469
35.8	0.00449
35.82	0.00536
35.84	0.00455
35.86	0.00592
35.88	0.00381
35.9	0.00183
35.92	-0.00184
35.94	-0.01185
35.96	-0.01356
35.98	-0.01025
36	-0.00242
36.02	-0.00981
36.04	-0.01186
36.06	-0.00499
36.08	0.0034
36.1	0.00611
36.12	0.00622
36.14	0.00449
36.16	-0.00409
36.18	-0.00313
36.2	-0.00815
36.22	-0.01422
36.24	-0.01321
36.26	-0.01405
36.28	-0.01306
36.3	-0.01382
36.32	-0.01261
36.34	-0.00582
36.36	-0.00287
36.38	0.00401
36.4	0.00671
36.42	0.0053
36.44	0.00689
36.46	0.00455
36.48	-0.00152
36.5	-0.00724
36.52	-0.01141
36.54	-0.00261
36.56	0.01195
36.58	0.01493
36.6	0.01565
36.62	0.01445
36.64	0.01803
36.66	0.02471
36.68	0.02491
36.7	0.027
36.72	0.02473
36.74	0.02091
36.76	0.01002
36.78	0.00592
36.8	0.01372
36.82	0.0145
36.84	0.01391
36.86	0.00419
36.88	-0.00344
36.9	-0.00248
36.92	-0.00451
36.94	-0.00466
36.96	-0.00448
36.98	-0.00511
37	0.00148
37.02	0.00552
37.04	-0.00156
37.06	-0.00599
37.08	0.00027
37.1	0.0049
37.12	0.00398
37.14	0.00484
37.16	0.0038
37.18	0.0072
37.2	0.00616
37.22	0.00472
37.24	0.00014
37.26	-0.0067
37.28	0.00136
37.3	0.00247
37.32	0.00037
37.34	-0.00236
37.36	-0.00536
37.38	-0.00669
37.4	-0.01496
37.42	-0.02242
37.44	-0.02548
37.46	-0.01911
37.48	-0.01367
37.5	-0.01806
37.52	-0.01851
37.54	-0.01458
37.56	-0.01494
37.58	-0.0149
37.6	-0.01453
37.62	-0.01538
37.64	-0.00535
37.66	0.0035
37.68	0.00718
37.7	-0.0004
37.72	-0.00195
37.74	0.00496
37.76	0.00385
37.78	0.01324
37.8	0.02051
37.82	0.02493
37.84	0.02121
37.86	0.01535
37.88	0.01043
37.9	0.00396
37.92	0.00532
37.94	0.00327
37.96	0.00697
37.98	0.0133
38	0.01904
38.02	0.02454
38.04	0.01779
38.06	0.01424
38.08	0.0053
38.1	0.00714
38.12	0.01436
38.14	0.01422
38.16	0.01478
38.18	0.008
38.2	-0.00124
38.22	-0.00519
38.24	-0.00118
38.26	-0.00321
38.28	-0.00568
38.3	-0.00282
38.32	0.00426
38.34	0.00497
38.36	0.00523
38.38	0.00489
38.4	-0.00675
38.42	-0.01402
38.44	-0.01355
38.46	-0.01405
38.48	-0.01355
38.5	-0.01385
38.52	-0.01387
38.54	-0.00819
38.56	-0.00281
38.58	-0.00796
38.6	-0.01322
38.62	-0.01556
38.64	-0.01
38.66	-0.00321
38.68	-0.00871
38.7	-0.0197
38.72	-0.01963
38.74	-0.01209
38.76	-0.01428
38.78	-0.00656
38.8	-0.00364
38.82	-0.00278
38.84	-0.00141
38.86	-0.00373
38.88	-0.003
38.9	-0.00335
38.92	-0.0031
38.94	-0.00256
38.96	-0.00358
38.98	-0.00579
39	-0.00182
39.02	-0.00315
39.04	-0.00148
39.06	0.00581
39.08	0.00764
39.1	0.00718
39.12	0.00806
39.14	0.00354
39.16	-0.01033
39.18	-0.00743
39.2	-0.00196
39.22	0.00491
39.24	0.00833
39.26	0.00794
39.28	0.01155
39.3	0.00826
39.32	0.00828
39.34	0.00856
39.36	-0.00008
39.38	0.0042
39.4	0.00874
39.42	0.00819
39.44	0.01669
39.46	0.01815
39.48	0.0168
39.5	0.0041
39.52	-0.00041
39.54	0.00831
39.56	0.00879
39.58	0.00974
39.6	0.01259
39.62	0.00924
39.64	0.00984
39.66	0.00872
39.68	0.01491
39.7	0.01162
39.72	-0.00611
39.74	-0.01733
39.76	-0.02125
39.78	-0.01305
39.8	-0.00171
39.82	0.0007
39.84	-0.00106
39.86	-0.00998
39.88	-0.01764
39.9	-0.0131
39.92	0.00483
39.94	0.01892
39.96	0.0078
39.98	-0.00625
40	-0.01445
40.02	-0.02398
40.04	-0.02765
40.06	-0.01818
40.08	-0.01788
40.1	-0.01841
40.12	-0.01108
40.14	-0.00685
40.16	-0.00525
40.18	-0.00866
40.2	-0.00548
40.22	0.0063
40.24	0.01108
40.26	0.01182
40.28	0.00515
40.3	0.0025
40.32	0.01122
40.34	0.01505
40.36	0.0137
40.38	0.01246
40.4	0.00445
40.42	0.00099
40.44	0.00186
40.46	0.00269
40.48	0.00257
40.5	0.00366
40.52	-0.00255
40.54	-0.00689
40.56	-0.00093
40.58	-0.00025
40.6	0.00524
40.62	0.01457
40.64	0.0192
40.66	0.01169
40.68	0.00954
40.7	0.01049
40.72	0.00835
40.74	0.00271
40.76	-0.00067
40.78	0.00102
40.8	-0.0014
40.82	0.00027
40.84	0.00405
40.86	0.00324
40.88	0.00762
40.9	-0.00304
40.92	-0.01116
40.94	-0.00631
40.96	0.0014
40.98	0.00786
41	-0.00302
41.02	-0.00632
41.04	-0.0022
41.06	-0.00395
41.08	-0.00232
41.1	-0.00868
41.12	-0.01115
41.14	0.00041
41.16	0.00489
41.18	0.00621
41.2	-0.00082
41.22	-0.00322
41.24	0.00513
41.26	0.00425
41.28	0.00495
41.3	0.00372
41.32	0.00466
41.34	0.00198
41.36	-0.00578
41.38	-0.00598
41.4	-0.00722
41.42	-0.00058
41.44	0.00317
41.46	0.00202
41.48	0.00321
41.5	-0.00447
41.52	-0.0097
41.54	-0.00783
41.56	-0.00752
41.58	-0.00658
41.6	0.00237
41.62	0.00936
41.64	0.00345
41.66	-0.00887
41.68	-0.01086
41.7	-0.00872
41.72	-0.00286
41.74	0.00076
41.76	-0.0106
41.78	-0.01599
41.8	-0.01662
41.82	-0.01505
41.84	-0.00669
41.86	-0.00546
41.88	-0.00454
41.9	-0.00208
41.92	-0.00388
41.94	-0.00333
41.96	-0.00313
41.98	-0.00259
42	-0.0029
42.02	0.00393
42.04	0.00752
42.06	-0.00111
42.08	-0.00196
42.1	0.00192
42.12	-0.00391
42.14	-0.00079
42.16	0.00496
42.18	0.00701
42.2	0.00659
42.22	0.01123
42.24	0.01122
42.26	0.00442
42.28	0.00517
42.3	0.01055
42.32	0.01523
42.34	0.0128
42.36	0.01622
42.38	0.01682
42.4	0.00643
42.42	0.00355
42.44	0.00287
42.46	-0.00586
42.48	-0.00588
42.5	-0.00698
42.52	-0.00501
42.54	-0.01133
42.56	-0.01552
42.58	-0.01568
42.6	-0.01196
42.62	-0.00502
42.64	-0.01352
42.66	-0.01411
42.68	-0.00745
42.7	-0.00097
42.72	-0.0043
42.74	-0.00121
42.76	-0.00024
42.78	-0.00552
42.8	-0.00519
42.82	-0.00576
42.84	-0.00527
42.86	-0.00668
42.88	-0.00585
42.9	-0.00529
42.92	-0.00552
42.94	-0.00539
42.96	-0.00561
42.98	-0.00564
43	-0.0061
43.02	-0.00595
43.04	-0.00645
43.06	-0.00309
43.08	0.00223
43.1	0.00262
43.12	0.0086
43.14	0.01278
43.16	0.01127
43.18	0.0135
43.2	0.00916
43.22	0.0086
43.24	0.01313
43.26	0.01242
43.28	0.01327
43.3	0.01322
43.32	0.01358
43.34	0.01364
43.36	0.0138
43.38	0.01421
43.4	0.01411
43.42	0.01463
43.44	0.0143
43.46	0.01491
43.48	0.01461
43.5	0.0155
43.52	0.01473
43.54	0.01629
43.56	0.01235
43.58	0.00834
43.6	0.01507
43.62	0.01479
43.64	0.00793
43.66	0.00501
43.68	0.00602
43.7	0.00087
43.72	-0.00524
43.74	-0.00363
43.76	-0.00571
43.78	-0.00184
43.8	-0.00191
43.82	-0.01237
43.84	-0.01427
43.86	-0.01434
43.88	-0.0077
43.9	-0.00317
43.92	-0.00531
43.94	-0.00096
43.96	0.00191
43.98	-0.00419
44	-0.00382
44.02	-0.00429
44.04	-0.00396
44.06	-0.00426
44.08	-0.00508
44.1	-0.00456
44.12	-0.00357
44.14	-0.00634
44.16	-0.0136
44.18	-0.0134
44.2	-0.0152
44.22	-0.02251
44.24	-0.01144
44.26	-0.01008
44.28	-0.01293
44.3	-0.00552
44.32	-0.00315
44.34	0.00034
44.36	-0.00392
44.38	-0.00371
44.4	-0.00386
44.42	-0.00391
44.44	-0.00402
44.46	-0.00428
44.48	-0.00399
44.5	-0.00472
44.52	-0.01214
44.54	-0.01006
44.56	-0.00351
44.58	-0.00518
44.6	0.00237
44.62	0.00593
44.64	-0.00088
44.66	-0.00507
44.68	-0.01198
44.7	-0.01441
44.72	-0.01039
44.74	-0.00308
44.76	0.00432
44.78	0.00646
44.8	0.00541
44.82	0.00694
44.84	0.00339
44.86	-0.00308
44.88	-0.00455
44.9	0.00093
44.92	0.00636
44.94	0.00526
44.96	0.00696
44.98	0.00637
45	0.00565
45.02	0.0062
45.04	0.00552
45.06	0.00651
45.08	0.00506
45.1	0.00888
45.12	0.01561
45.14	0.01556
45.16	0.01588
45.18	0.00981
45.2	0.00325
45.22	0.00565
45.24	0.00187
45.26	-0.00609
45.28	-0.01163
45.3	-0.0133
45.32	-0.00664
45.34	-0.00284
45.36	-0.00366
45.38	-0.00277
45.4	0.0042
45.42	0.00709
45.44	0.00436
45.46	-0.00854
45.48	-0.01302
45.5	-0.01238
45.52	-0.0128
45.54	-0.01258
45.56	-0.01221
45.58	-0.0047
45.6	0.00237
45.62	0.00019
45.64	-0.00304
45.66	-0.00187
45.68	0.00574
45.7	0.01174
45.72	0.00705
45.74	0.00734
45.76	0.00675
45.78	0.00729
45.8	0.00683
45.82	0.00768
45.84	0.01557
45.86	0.01675
45.88	0.01688
45.9	0.01677
45.92	0.01704
45.94	0.01671
45.96	0.0174
45.98	0.01501
46	0.00261
46.02	-0.00251
46.04	-0.00097
46.06	-0.00708
46.08	-0.01137
46.1	-0.01143
46.12	-0.0112
46.14	-0.01176
46.16	-0.01073
46.18	-0.00306
46.2	-0.00151
46.22	-0.00425
46.24	-0.01235
46.26	-0.0087
46.28	0.00458
46.3	0.01138
46.32	0.01824
46.34	0.01463
46.36	0.00498
46.38	0.00513
46.4	0.00954
46.42	0.00729
46.44	-0.0023
46.46	-0.0119
46.48	-0.0042
46.5	0.0083
46.52	-0.00205
46.54	-0.02722
46.56	-0.03749
46.58	-0.03069
46.6	-0.01788
46.62	-0.01165
46.64	-0.00574
46.66	0.00571
46.68	0.00834
46.7	0.00764
46.72	0.0146
46.74	0.03963
46.76	0.04075
46.78	0.02104
46.8	0.02025
46.82	0.02141
46.84	0.00173
46.86	-0.0221
46.88	-0.02385
46.9	-0.00508
46.92	0.0072
46.94	0.00837
46.96	-0.00038
46.98	-0.00701
47	-0.01114
47.02	-0.01921
47.04	-0.01298
47.06	-0.01065
47.08	-0.01101
47.1	-0.01092
47.12	-0.00418
47.14	-0.00045
47.16	-0.00207
47.18	-0.00004
47.2	-0.00475
47.22	-0.01048
47.24	-0.00965
47.26	-0.01103
47.28	-0.01849
47.3	-0.01256
47.32	-0.01048
47.34	-0.00649
47.36	-0.01004
47.38	-0.01978
47.4	-0.00934
47.42	-0.00121
47.44	0.00003
47.46	-0.00698
47.48	-0.01193
47.5	-0.00444
47.52	0.00302
47.54	-0.00156
47.56	-0.00959
47.58	-0.01113
47.6	-0.01078
47.62	-0.01015
47.64	0.00799
47.66	0.01723
47.68	0.01863
47.7	0.00958
47.72	0.00104
47.74	0.00845
47.76	0.00706
47.78	0.00002
47.8	0.00196
47.82	0.0114
47.84	0.02291
47.86	0.0281
47.88	0.01935
47.9	0.02533
47.92	0.02723
47.94	0.02784
47.96	0.02397
47.98	0.01654
48	0.00208
48.02	-0.01292
48.04	-0.01986
48.06	-0.02114
48.08	-0.02093
48.1	-0.02086
48.12	-0.02159
48.14	-0.01731
48.16	-0.00517
48.18	0.00229
48.2	0.0086
48.22	0.00757
48.24	0.00853
48.26	0.00764
48.28	0.01011
48.3	0.00785
48.32	0.0082
48.34	0.00526
48.36	-0.00272
48.38	0.00551
48.4	0.00746
48.42	0.00767
48.44	0.00737
48.46	0.00775
48.48	0.00707
48.5	0.00871
48.52	0.01625
48.54	0.01731
48.56	0.01429
48.58	0.00147
48.6	-0.0097
48.62	-0.01173
48.64	-0.0115
48.66	-0.01181
48.68	-0.01148
48.7	-0.01248
48.72	-0.0091
48.74	-0.00172
48.76	-0.00386
48.78	0.00234
48.8	0.00723
48.82	0.00146
48.84	-0.00112
48.86	-0.00277
48.88	0.00218
48.9	0.00869
48.92	-0.00216
48.94	-0.01
48.96	-0.01807
48.98	-0.02023
49	-0.01269
49.02	-0.01125
49.04	-0.00377
49.06	0.00436
49.08	0.00686
49.1	0.00695
49.12	0.00594
49.14	-0.00193
49.16	-0.00333
49.18	-0.00281
49.2	0.00112
49.22	-0.00348
49.24	-0.00281
49.26	-0.00459
49.28	-0.01227
49.3	-0.01286
49.32	-0.01231
49.34	-0.01043
49.36	-0.01319
49.38	-0.0123
49.4	-0.01324
49.42	-0.01223
49.44	-0.01367
49.46	-0.00961
49.48	-0.00307
49.5	-0.00349
49.52	-0.00415
49.54	-0.00344
49.56	-0.00326
49.58	-0.00323
49.6	-0.00354
49.62	-0.0016
49.64	0.00503
49.66	0.00617
49.68	0.00649
49.7	0.00568
49.72	0.01208
49.74	0.0122
49.76	0.00517
49.78	0.01563
49.8	0.0116
49.82	0.00672
49.84	0.01278
49.86	0.00828
49.88	0.00608
49.9	0.00697
49.92	0.00583
49.94	0.00744
49.96	0.01337
49.98	0.01364
50	0.01393
50.02	0.00623
50.04	0.00638
50.06	0.00567
50.08	0.00729
50.1	0.00924
50.12	0.00752
50.14	0.01913
50.16	0.02027
50.18	0.02467
50.2	0.02172
50.22	0.01607
50.24	0.0111
50.26	0.00552
50.28	0.0024
50.3	-0.00621
50.32	-0.00412
50.34	-0.00184
50.36	-0.00369
50.38	-0.004
50.4	-0.00418
50.42	-0.00195
50.44	-0.00391
50.46	-0.00466
50.48	-0.0042
50.5	-0.00477
50.52	-0.00345
50.54	-0.01177
50.56	-0.00827
50.58	-0.00315
50.6	-0.0052
50.62	0.00139
50.64	0.00586
50.66	0.00519
50.68	0.00557
50.7	0.00558
50.72	0.00568
50.74	0.00502
50.76	-0.00506
50.78	-0.01331
50.8	-0.01424
50.82	-0.00941
50.84	-0.00265
50.86	-0.00638
50.88	-0.01272
50.9	-0.01377
50.92	-0.01354
50.94	-0.00712
50.96	-0.00286
50.98	-0.00246
51	-0.00355
51.02	-0.00447
51.04	-0.00341
51.06	-0.00477
51.08	-0.00293
51.1	-0.00722
51.12	-0.01209
51.14	-0.02062
51.16	-0.02106
51.18	-0.01303
51.2	-0.01437
51.22	-0.00902
51.24	-0.003
51.26	-0.00572
51.28	-0.01308
51.3	-0.00896
51.32	-0.00128
51.34	0.00492
51.36	0.00561
51.38	0.00532
51.4	0.00562
51.42	0.00534
51.44	0.00554
51.46	0.00543
51.48	0.00534
51.5	0.00595
51.52	0.00638
51.54	0.00526
51.56	-0.00063
51.58	-0.00683
51.6	-0.01367
51.62	-0.01258
51.64	-0.00511
51.66	-0.00198
51.68	0.00676
51.7	0.00272
51.72	0.00274
51.74	0.0016
51.76	-0.00439
51.78	-0.00481
51.8	0.00047
51.82	0.00547
51.84	0.00745
51.86	0.00939
51.88	0.01389
51.9	0.01016
51.92	0.00431
51.94	0.00606
51.96	0.00457
51.98	0.00595
52	0.0051
52.02	0.00596
52.04	0.00515
52.06	0.00593
52.08	0.00513
52.1	0.00594
52.12	0.0046
52.14	0.00614
52.16	0.00032
52.18	-0.00455
52.2	-0.00218
52.22	-0.00341
52.24	0.00565
52.26	-0.00102
52.28	-0.00456
52.3	-0.00453
52.32	-0.00414
52.34	-0.00695
52.36	-0.01442
52.38	-0.01354
52.4	-0.01293
52.42	-0.00544
52.44	-0.00501
52.46	-0.00115
52.48	0.00533
52.5	0.00531
52.52	0.00535
52.54	0.00553
52.56	-0.00146
52.58	-0.00491
52.6	-0.00457
52.62	-0.0136
52.64	-0.0123
52.66	-0.00072
52.68	0.00746
52.7	0.00993
52.72	0.0056
52.74	0.0048
52.76	0.00619
52.78	0.00686
52.8	0.00479
52.82	-0.00081
52.84	0.00401
52.86	0.00582
52.88	0.00287
52.9	-0.0011
52.92	0.00315
52.94	0.00602
52.96	0.00483
52.98	0.00551
53	0.00483
53.02	0.00543
53.04	0.00491
53.06	0.00539
53.08	0.00499
53.1	0.00536
53.12	0.00504
53.14	0.00536
53.16	0.00506
53.18	0.00543
53.2	0.00481
53.22	0.00429
53.24	0.00546
53.26	0.00523
53.28	0.00593
53.3	0.00518
53.32	0.00649
53.34	0.00123
53.36	-0.00441
53.38	-0.00361
53.4	-0.00467
53.42	-0.0039
53.44	-0.0046
53.46	-0.00386
53.48	-0.00461
53.5	-0.00367
53.52	-0.00498
53.54	-0.00155
53.56	0.00024
53.58	-0.00504
53.6	0.00222
53.62	0.00575
53.64	0.00544
53.66	-0.00065
53.68	-0.00674
53.7	-0.00609
53.72	-0.00463
53.74	0.00441
53.76	0.00223
53.78	-0.00447
53.8	-0.00179
53.82	-0.00044
53.84	-0.00091
53.86	-0.00434
53.88	-0.00321
53.9	-0.00436
53.92	-0.00265
53.94	0.00153
53.96	-0.00195
53.98	-0.0043
54	-0.00288
54.02	-0.0033
54.04	-0.00266
54.06	-0.00598
54.08	-0.01234
54.1	-0.00516
54.12	-0.00293
54.14	-0.00351
54.16	-0.00278
54.18	-0.00343
54.2	-0.00274
54.22	-0.00329
54.24	-0.0033
54.26	0.0012
54.28	-0.0011
54.3	-0.0042
54.32	-0.00206
54.34	-0.00476
54.36	-0.01075
54.38	-0.01385
54.4	-0.00652
54.42	-0.00326
54.44	-0.00152
54.46	0.00517
54.48	0.00644
54.5	0.00671
54.52	0.00692
54.54	0.00694
54.56	0.00731
54.58	0.00687
54.6	0.00751
54.62	0.0059
54.64	-0.00046
54.66	-0.00236
54.68	-0.0026
54.7	-0.00115
54.72	-0.00273
54.74	0.00086
54.76	0.00008
54.78	-0.00321
54.8	0.00313
54.82	0.00663
54.84	0.00721
54.86	0.0066
54.88	0.00745
54.9	0.00253
54.92	-0.0022
54.94	-0.00195
54.96	-0.00189
54.98	-0.00167
55	-0.00166
55.02	-0.00167
55.04	-0.00157
55.06	-0.0016
55.08	-0.00165
55.1	-0.00187
55.12	-0.00162
55.14	-0.0018
55.16	-0.00151
55.18	-0.00173
55.2	-0.00141
55.22	-0.00165
55.24	-0.0014
55.26	-0.00134
55.28	-0.00474
55.3	-0.00277
55.32	-0.00006
55.34	0.00032
55.36	-0.00297
55.38	-0.00189
55.4	-0.00111
55.42	-0.01012
55.44	-0.00494
55.46	-0.0018
55.48	0.00112
55.5	0.0027
55.52	0.0003
55.54	0.00725
55.56	0.00108
55.58	-0.00088
55.6	-0.00054
55.62	-0.00087
55.64	-0.00047
55.66	-0.00081
55.68	-0.00038
55.7	-0.00077
55.72	-0.00014
55.74	0.00192
55.76	-0.00018
55.78	-0.00046
55.8	-0.00033
55.82	0.00024
55.84	0.00656
55.86	0.00728
55.88	0.00726
55.9	0.00714
55.92	0.00696
55.94	0.00668
55.96	0.00655
55.98	0.00649
56	0.00633
56.02	0.00622
56.04	0.00643
56.06	0.00686
56.08	0.00539
56.1	0.00634
56.12	0.00479
56.14	0.00795
56.16	0.00689
56.18	0.00542
56.2	0.00398
56.22	-0.00104
56.24	0.00004
56.26	-0.00137
56.28	-0.00187
56.3	0.00163
56.32	0.00506
56.34	0.00441
56.36	0.00445
56.38	0.00417
56.4	0.00371
56.42	0.00392
56.44	-0.00086
56.46	-0.00313
56.48	-0.00384
56.5	-0.00416
56.52	-0.00302
56.54	-0.0037
56.56	-0.00393
56.58	-0.00875
56.6	-0.00821
56.62	-0.01006
56.64	-0.01367
56.66	-0.01399
56.68	-0.01058
56.7	-0.00725
56.72	-0.00788
56.74	-0.00415
56.76	-0.00161
56.78	-0.00069
56.8	-0.00269
56.82	-0.00231
56.84	-0.00342
56.86	-0.00771
56.88	-0.00388
56.9	0.00094
56.92	0.00253
56.94	-0.0009
56.96	-0.00334
56.98	-0.00183
57	0.00194
57.02	-0.00067
57.04	-0.00196
57.06	0.00183
57.08	0.00156
57.1	0.00244
57.12	0.00223
57.14	0.00253
57.16	0.00236
57.18	0.00251
57.2	0.00233
57.22	0.00234
57.24	0.0022
57.26	0.00216
57.28	0.0019
57.3	0.00175
57.32	0.00138
57.34	0.00124
57.36	0.00084
57.38	0.00076
57.4	0.00031
57.42	0.00038
57.44	-0.00055
57.46	-0.00353
57.48	-0.00166
57.5	-0.00037
57.52	-0.00011
57.54	0.00013
57.56	-0.00004
57.58	0.00023
57.6	0.00014
57.62	0.00056
57.64	-0.00016
57.66	-0.00415
57.68	-0.00546
57.7	-0.00466
57.72	-0.00451
57.74	-0.00462
57.76	-0.00346
57.78	-0.00101
57.8	-0.00128
57.82	-0.00072
57.84	0.00143
57.86	0.00166
57.88	0.00145
57.9	0.00144
57.92	0.00131
57.94	0.00047
57.96	0.00097
57.98	0.00148
58	0.00024
58.02	0.00108
58.04	0.00167
58.06	0.00167
58.08	0.00185
58.1	0.00186
58.12	0.00026
58.14	0.00008
58.16	0.0013
58.18	0.00181
58.2	0.00237
58.22	0.00205
58.24	0.00231
58.26	0.0018
58.28	0.00292
58.3	0.00346
58.32	0.00351
58.34	0.0022
58.36	0.00074
58.38	0.00157
58.4	0.00075
58.42	0.00069
58.44	0.00116
58.46	0.00105
58.48	0.00111
58.5	0.00091
58.52	0.00109
58.54	0.00021
58.56	-0.00043
58.58	-0.00045
58.6	0.00001
58.62	0.00082
58.64	0.00066
58.66	0.00063
58.68	0.00051
58.7	0.00044
58.72	0.00043
58.74	0.0004
58.76	0.00024
58.78	0.00024
58.8	0.00064
58.82	0.00072
58.84	0.00043
58.86	-0.00012
58.88	-0.00016
58.9	-0.00025
58.92	-0.00047
58.94	-0.00059
58.96	-0.00099
58.98	-0.00102
59	-0.00067
59.02	-0.00028
59.04	-0.00074
59.06	-0.00094
59.08	-0.00088
59.1	-0.00086
59.12	-0.00081
59.14	-0.00078
59.16	-0.00075
59.18	-0.00069
59.2	-0.00081
59.22	-0.00101
59.24	-0.00058
59.26	-0.00053
59.28	-0.00043
59.3	-0.00016
59.32	-0.00032
59.34	-0.00025
59.36	-0.0004
59.38	-0.00045
59.4	-0.0004
59.42	-0.00039
59.44	-0.00035
59.46	-0.00032
59.48	-0.00041
59.5	-0.00042
59.52	-0.00035
59.54	-0.0003
59.56	-0.00025
59.58	-0.00018
59.6	-0.00007
59.62	-0.00005
59.64	-0.00004
59.66	-0.00003
59.68	-0.00002
59.7	-0.00002
59.72	-0.00001
59.74	-0.00001
59.76	0
59.78	0
59.8	0
59.82	0
59.84	0.00001
59.86	0
59.88	-0.00001
59.9	-0.00001
59.92	-0.00001
59.94	-0.00001
59.96	-0.00002
