0	0
0.01	-0.00208
0.02	-0.00208
0.03	-0.00207
0.04	-0.00207
0.05	-0.00206
0.06	-0.00206
0.07	-0.00206
0.08	-0.00205
0.09	-0.00205
0.1	-0.00204
0.11	-0.00204
0.12	-0.00203
0.13	-0.00203
0.14	-0.00202
0.15	-0.00202
0.16	-0.00202
0.17	-0.00201
0.18	-0.00201
0.19	-0.002
0.2	-0.002
0.21	-0.00199
0.22	-0.00199
0.23	-0.00199
0.24	-0.00199
0.25	-0.00198
0.26	-0.00198
0.27	-0.00197
0.28	-0.00196
0.29	-0.00194
0.3	-0.00193
0.31	-0.00192
0.32	-0.00192
0.33	-0.00192
0.34	-0.00192
0.35	-0.00192
0.36	-0.00193
0.37	-0.00193
0.38	-0.00193
0.39	-0.00192
0.4	-0.00192
0.41	-0.00193
0.42	-0.00195
0.43	-0.002
0.44	-0.00204
0.45	-0.00207
0.46	-0.00206
0.47	-0.00203
0.48	-0.00199
0.49	-0.00195
0.5	-0.00193
0.51	-0.00192
0.52	-0.00192
0.53	-0.00192
0.54	-0.00192
0.55	-0.00191
0.56	-0.00188
0.57	-0.0018
0.58	-0.00167
0.59	-0.00154
0.6	-0.0015
0.61	-0.00157
0.62	-0.00176
0.63	-0.00201
0.64	-0.0022
0.65	-0.0022
0.66	-0.00195
0.67	-0.00148
0.68	-0.00099
0.69	-0.00068
0.7	-0.00069
0.71	-0.00101
0.72	-0.00151
0.73	-0.00203
0.74	-0.00237
0.75	-0.00233
0.76	-0.00194
0.77	-0.00142
0.78	-0.00105
0.79	-0.00101
0.8	-0.00135
0.81	-0.00199
0.82	-0.00271
0.83	-0.00308
0.84	-0.0028
0.85	-0.00182
0.86	-0.00045
0.87	0.00062
0.88	0.0007
0.89	-0.00044
0.9	-0.00248
0.91	-0.00467
0.92	-0.006
0.93	-0.00581
0.94	-0.00418
0.95	-0.00172
0.96	0.00051
0.97	0.00151
0.98	0.00089
0.99	-0.00096
1	-0.00305
1.01	-0.00421
1.02	-0.00382
1.03	-0.00225
1.04	-0.00077
1.05	-0.0006
1.06	-0.00217
1.07	-0.0051
1.08	-0.00849
1.09	-0.01121
1.1	-0.01234
1.11	-0.01178
1.12	-0.01033
1.13	-0.0092
1.14	-0.00883
1.15	-0.00849
1.16	-0.00712
1.17	-0.0043
1.18	-0.00053
1.19	0.00289
1.2	0.00477
1.21	0.00479
1.22	0.00346
1.23	0.00166
1.24	-0.00013
1.25	-0.00223
1.26	-0.00443
1.27	-0.00575
1.28	-0.00534
1.29	-0.00315
1.3	-0.00012
1.31	0.00224
1.32	0.00282
1.33	0.00157
1.34	-0.00043
1.35	-0.0013
1.36	0.00012
1.37	0.00338
1.38	0.00714
1.39	0.01017
1.4	0.01209
1.41	0.01334
1.42	0.01469
1.43	0.01654
1.44	0.01818
1.45	0.01833
1.46	0.01625
1.47	0.01219
1.48	0.00698
1.49	0.00151
1.5	-0.0037
1.51	-0.00838
1.52	-0.01127
1.53	-0.01062
1.54	-0.00572
1.55	0.00261
1.56	0.01265
1.57	0.0216
1.58	0.02591
1.59	0.02364
1.6	0.01556
1.61	0.00426
1.62	-0.00735
1.63	-0.01623
1.64	-0.02021
1.65	-0.01924
1.66	-0.01543
1.67	-0.01189
1.68	-0.01081
1.69	-0.01254
1.7	-0.01588
1.71	-0.01851
1.72	-0.01774
1.73	-0.01225
1.74	-0.0032
1.75	0.00597
1.76	0.01102
1.77	0.00946
1.78	0.00189
1.79	-0.00905
1.8	-0.02049
1.81	-0.03076
1.82	-0.03886
1.83	-0.04307
1.84	-0.04213
1.85	-0.03638
1.86	-0.02758
1.87	-0.01774
1.88	-0.00911
1.89	-0.00506
1.9	-0.00812
1.91	-0.01815
1.92	-0.03268
1.93	-0.04857
1.94	-0.06155
1.95	-0.06563
1.96	-0.0572
1.97	-0.03753
1.98	-0.01201
1.99	0.01164
2	0.02736
2.01	0.03319
2.02	0.031
2.03	0.02454
2.04	0.01716
2.05	0.01057
2.06	0.00479
2.07	-0.00102
2.08	-0.00695
2.09	-0.00906
2.1	-0.00152
2.11	0.01831
2.12	0.04715
2.13	0.07294
2.14	0.08059
2.15	0.0631
2.16	0.02472
2.17	-0.02288
2.18	-0.0635
2.19	-0.08323
2.2	-0.07939
2.21	-0.06244
2.22	-0.04761
2.23	-0.04476
2.24	-0.05459
2.25	-0.07038
2.26	-0.08119
2.27	-0.07824
2.28	-0.0601
2.29	-0.0319
2.3	-0.00092
2.31	0.0276
2.32	0.05207
2.33	0.07012
2.34	0.07457
2.35	0.05979
2.36	0.02686
2.37	-0.01757
2.38	-0.06537
2.39	-0.10695
2.4	-0.13042
2.41	-0.12937
2.42	-0.10705
2.43	-0.07395
2.44	-0.04422
2.45	-0.02885
2.46	-0.02803
2.47	-0.03108
2.48	-0.0259
2.49	-0.00731
2.5	0.01954
2.51	0.04304
2.52	0.05425
2.53	0.05183
2.54	0.04062
2.55	0.02543
2.56	0.00714
2.57	-0.01542
2.58	-0.04283
2.59	-0.07202
2.6	-0.09486
2.61	-0.1043
2.62	-0.09975
2.63	-0.08864
2.64	-0.08149
2.65	-0.08451
2.66	-0.0947
2.67	-0.1015
2.68	-0.09574
2.69	-0.07546
2.7	-0.04536
2.71	-0.01282
2.72	0.01478
2.73	0.03274
2.74	0.04119
2.75	0.04398
2.76	0.04602
2.77	0.05129
2.78	0.06121
2.79	0.07447
2.8	0.08681
2.81	0.09236
2.82	0.08918
2.83	0.08134
2.84	0.07493
2.85	0.07371
2.86	0.07744
2.87	0.08144
2.88	0.07929
2.89	0.06761
2.9	0.04808
2.91	0.02813
2.92	0.01718
2.93	0.01924
2.94	0.0298
2.95	0.04044
2.96	0.04509
2.97	0.04372
2.98	0.0417
2.99	0.04429
3	0.05079
3.01	0.05565
3.02	0.0539
3.03	0.0443
3.04	0.0291
3.05	0.01338
3.06	0.0056
3.07	0.01253
3.08	0.03446
3.09	0.06579
3.1	0.09885
3.11	0.12438
3.12	0.13328
3.13	0.12263
3.14	0.09705
3.15	0.06671
3.16	0.04567
3.17	0.04432
3.18	0.06334
3.19	0.0944
3.2	0.12425
3.21	0.14267
3.22	0.148
3.23	0.14685
3.24	0.14865
3.25	0.15914
3.26	0.17444
3.27	0.1822
3.28	0.1751
3.29	0.15833
3.3	0.14311
3.31	0.13773
3.32	0.14367
3.33	0.15711
3.34	0.17302
3.35	0.18796
3.36	0.20106
3.37	0.21394
3.38	0.22882
3.39	0.245
3.4	0.25648
3.41	0.25668
3.42	0.24351
3.43	0.2204
3.44	0.1944
3.45	0.17191
3.46	0.15516
3.47	0.14199
3.48	0.12907
3.49	0.11816
3.5	0.11463
3.51	0.12169
3.52	0.13813
3.53	0.15931
3.54	0.1778
3.55	0.18737
3.56	0.18716
3.57	0.1796
3.58	0.16428
3.59	0.13951
3.6	0.10574
3.61	0.06601
3.62	0.02398
3.63	-0.01755
3.64	-0.05598
3.65	-0.08936
3.66	-0.11777
3.67	-0.14301
3.68	-0.16725
3.69	-0.19236
3.7	-0.22134
3.71	-0.25759
3.72	-0.30296
3.73	-0.35749
3.74	-0.42052
3.75	-0.48885
3.76	-0.5464
3.77	-0.57236
3.78	-0.55912
3.79	-0.51587
3.8	-0.45969
3.81	-0.40418
3.82	-0.35351
3.83	-0.30343
3.84	-0.24648
3.85	-0.1774
3.86	-0.10079
3.87	-0.03481
3.88	0.00346
3.89	0.01084
3.9	-0.00244
3.91	-0.02132
3.92	-0.03474
3.93	-0.03888
3.94	-0.03325
3.95	-0.01809
3.96	0.00471
3.97	0.03168
3.98	0.0593
3.99	0.08383
4	0.09798
4.01	0.0949
4.02	0.07444
4.03	0.04347
4.04	0.01147
4.05	-0.01424
4.06	-0.0309
4.07	-0.03815
4.08	-0.03154
4.09	-0.00555
4.1	0.03937
4.11	0.09571
4.12	0.15299
4.13	0.20272
4.14	0.24119
4.15	0.26935
4.16	0.28969
4.17	0.29753
4.18	0.2818
4.19	0.2374
4.2	0.17051
4.21	0.09442
4.22	0.02172
4.23	-0.04115
4.24	-0.09456
4.25	-0.13679
4.26	-0.15479
4.27	-0.13695
4.28	-0.08528
4.29	-0.01413
4.3	0.0593
4.31	0.12231
4.32	0.16066
4.33	0.15958
4.34	0.11715
4.35	0.04713
4.36	-0.02987
4.37	-0.09561
4.38	-0.13361
4.39	-0.1347
4.4	-0.10586
4.41	-0.06657
4.42	-0.03694
4.43	-0.0254
4.44	-0.02657
4.45	-0.03111
4.46	-0.03366
4.47	-0.03429
4.48	-0.03509
4.49	-0.037
4.5	-0.04265
4.51	-0.05535
4.52	-0.07214
4.53	-0.08357
4.54	-0.08514
4.55	-0.08355
4.56	-0.08835
4.57	-0.10575
4.58	-0.13904
4.59	-0.19173
4.6	-0.26383
4.61	-0.33684
4.62	-0.38558
4.63	-0.39983
4.64	-0.38687
4.65	-0.35971
4.66	-0.32482
4.67	-0.28233
4.68	-0.2361
4.69	-0.18871
4.7	-0.13505
4.71	-0.06819
4.72	0.01056
4.73	0.08542
4.74	0.13638
4.75	0.153
4.76	0.1388
4.77	0.10647
4.78	0.06997
4.79	0.03849
4.8	0.01466
4.81	-0.00383
4.82	-0.02125
4.83	-0.04134
4.84	-0.06259
4.85	-0.07343
4.86	-0.06305
4.87	-0.0321
4.88	0.00774
4.89	0.04024
4.9	0.05264
4.91	0.04252
4.92	0.02204
4.93	0.01266
4.94	0.03093
4.95	0.08105
4.96	0.15289
4.97	0.2176
4.98	0.24608
4.99	0.23122
5	0.18886
5.01	0.14324
5.02	0.11135
5.03	0.09561
5.04	0.08641
5.05	0.07193
5.06	0.05304
5.07	0.04049
5.08	0.0408
5.09	0.05034
5.1	0.05902
5.11	0.05738
5.12	0.03904
5.13	0.00098
5.14	-0.05159
5.15	-0.1029
5.16	-0.13616
5.17	-0.1434
5.18	-0.12713
5.19	-0.09583
5.2	-0.06014
5.21	-0.03337
5.22	-0.02519
5.23	-0.03584
5.24	-0.05792
5.25	-0.08239
5.26	-0.10288
5.27	-0.1134
5.28	-0.10795
5.29	-0.08503
5.3	-0.04853
5.31	-0.00459
5.32	0.04208
5.33	0.08999
5.34	0.13988
5.35	0.18755
5.36	0.22113
5.37	0.23178
5.38	0.22059
5.39	0.19643
5.4	0.16936
5.41	0.14521
5.42	0.12408
5.43	0.10215
5.44	0.0749
5.45	0.03974
5.46	-0.00017
5.47	-0.036
5.48	-0.05999
5.49	-0.06936
5.5	-0.06617
5.51	-0.05557
5.52	-0.04351
5.53	-0.03387
5.54	-0.02455
5.55	-0.00942
5.56	0.01554
5.57	0.04936
5.58	0.08756
5.59	0.12536
5.6	0.16008
5.61	0.18891
5.62	0.20269
5.63	0.19229
5.64	0.15745
5.65	0.10702
5.66	0.05406
5.67	0.01309
5.68	-0.00564
5.69	-0.00156
5.7	0.01781
5.71	0.04269
5.72	0.06641
5.73	0.0875
5.74	0.10852
5.75	0.13067
5.76	0.14448
5.77	0.13659
5.78	0.10266
5.79	0.04976
5.8	-0.01016
5.81	-0.06843
5.82	-0.12328
5.83	-0.17084
5.84	-0.19936
5.85	-0.2017
5.86	-0.18263
5.87	-0.15428
5.88	-0.1292
5.89	-0.12266
5.9	-0.14554
5.91	-0.194
5.92	-0.25192
5.93	-0.30194
5.94	-0.33557
5.95	-0.3564
5.96	-0.37377
5.97	-0.38638
5.98	-0.38389
5.99	-0.36087
6	-0.3212
6.01	-0.27276
6.02	-0.22011
6.03	-0.16176
6.04	-0.09967
6.05	-0.04567
6.06	-0.00981
6.07	0.00726
6.08	0.01343
6.09	0.02067
6.1	0.03528
6.11	0.05262
6.12	0.06036
6.13	0.049
6.14	0.02232
6.15	-0.00549
6.16	-0.02035
6.17	-0.01517
6.18	0.00918
6.19	0.0468
6.2	0.09053
6.21	0.13381
6.22	0.17018
6.23	0.19504
6.24	0.20683
6.25	0.20551
6.26	0.18937
6.27	0.15722
6.28	0.11191
6.29	0.0604
6.3	0.01627
6.31	-0.00365
6.32	0.00818
6.33	0.0458
6.34	0.09581
6.35	0.14562
6.36	0.18186
6.37	0.18879
6.38	0.15937
6.39	0.09995
6.4	0.02474
6.41	-0.05262
6.42	-0.11848
6.43	-0.15469
6.44	-0.15094
6.45	-0.1156
6.46	-0.07507
6.47	-0.05761
6.48	-0.07198
6.49	-0.10538
6.5	-0.13642
6.51	-0.14643
6.52	-0.12477
6.53	-0.0702
6.54	0.00966
6.55	0.10018
6.56	0.18341
6.57	0.24025
6.58	0.25189
6.59	0.21312
6.6	0.14094
6.61	0.06784
6.62	0.02574
6.63	0.03053
6.64	0.07612
6.65	0.13998
6.66	0.19664
6.67	0.22925
6.68	0.23498
6.69	0.22035
6.7	0.19326
6.71	0.16348
6.72	0.14191
6.73	0.1358
6.74	0.14475
6.75	0.16053
6.76	0.17121
6.77	0.16656
6.78	0.14201
6.79	0.09933
6.8	0.0444
6.81	-0.01612
6.82	-0.07338
6.83	-0.10959
6.84	-0.10891
6.85	-0.07048
6.86	-0.00779
6.87	0.06105
6.88	0.12308
6.89	0.17425
6.9	0.21232
6.91	0.22926
6.92	0.21918
6.93	0.18511
6.94	0.13737
6.95	0.08748
6.96	0.04301
6.97	0.00574
6.98	-0.02683
6.99	-0.05872
7	-0.09056
7.01	-0.11381
7.02	-0.11834
7.03	-0.10233
7.04	-0.07321
7.05	-0.04188
7.06	-0.01617
7.07	0.00253
7.08	0.01837
7.09	0.03792
7.1	0.06665
7.11	0.10315
7.12	0.13568
7.13	0.15273
7.14	0.1523
7.15	0.14138
7.16	0.1294
7.17	0.1221
7.18	0.11918
7.19	0.11594
7.2	0.10677
7.21	0.08807
7.22	0.05937
7.23	0.02255
7.24	-0.0196
7.25	-0.06478
7.26	-0.11176
7.27	-0.16017
7.28	-0.20565
7.29	-0.23365
7.3	-0.23069
7.31	-0.19605
7.32	-0.14142
7.33	-0.08255
7.34	-0.03092
7.35	0.00992
7.36	0.04092
7.37	0.05447
7.38	0.03612
7.39	-0.02006
7.4	-0.10305
7.41	-0.18351
7.42	-0.2312
7.43	-0.23407
7.44	-0.20079
7.45	-0.15038
7.46	-0.10049
7.47	-0.06722
7.48	-0.06482
7.49	-0.09655
7.5	-0.1524
7.51	-0.20997
7.52	-0.24345
7.53	-0.24
7.54	-0.20483
7.55	-0.15414
7.56	-0.10894
7.57	-0.08878
7.58	-0.10039
7.59	-0.13531
7.6	-0.17758
7.61	-0.2136
7.62	-0.23767
7.63	-0.2517
7.64	-0.26128
7.65	-0.27139
7.66	-0.28417
7.67	-0.2988
7.68	-0.3092
7.69	-0.3049
7.7	-0.28007
7.71	-0.23821
7.72	-0.18905
7.73	-0.14268
7.74	-0.10633
7.75	-0.0842
7.76	-0.07647
7.77	-0.0799
7.78	-0.0898
7.79	-0.09707
7.8	-0.08806
7.81	-0.05509
7.82	-0.00213
7.83	0.05843
7.84	0.11333
7.85	0.15502
7.86	0.18472
7.87	0.21102
7.88	0.24524
7.89	0.29488
7.9	0.35055
7.91	0.37859
7.92	0.34764
7.93	0.25431
7.94	0.13161
7.95	0.04026
7.96	0.02748
7.97	0.09473
7.98	0.20168
7.99	0.29703
8	0.34696
8.01	0.34001
8.02	0.28847
8.03	0.21978
8.04	0.16333
8.05	0.13473
8.06	0.1251
8.07	0.10987
8.08	0.07568
8.09	0.0299
8.1	-0.01518
8.11	-0.05922
8.12	-0.1121
8.13	-0.17969
8.14	-0.24867
8.15	-0.29227
8.16	-0.28715
8.17	-0.22826
8.18	-0.13226
8.19	-0.02713
8.2	0.06488
8.21	0.13703
8.22	0.18606
8.23	0.2045
8.24	0.18941
8.25	0.1456
8.26	0.08232
8.27	0.01357
8.28	-0.04016
8.29	-0.06403
8.3	-0.05802
8.31	-0.03572
8.32	-0.01709
8.33	-0.01621
8.34	-0.03434
8.35	-0.06146
8.36	-0.08219
8.37	-0.08544
8.38	-0.06981
8.39	-0.04385
8.4	-0.02458
8.41	-0.02655
8.42	-0.05252
8.43	-0.09444
8.44	-0.14077
8.45	-0.18137
8.46	-0.20245
8.47	-0.19176
8.48	-0.14949
8.49	-0.08866
8.5	-0.0277
8.51	0.01596
8.52	0.03208
8.53	0.02197
8.54	-0.0029
8.55	-0.02598
8.56	-0.03223
8.57	-0.01262
8.58	0.03473
8.59	0.10345
8.6	0.17981
8.61	0.24987
8.62	0.29996
8.63	0.31966
8.64	0.30812
8.65	0.27321
8.66	0.2252
8.67	0.17083
8.68	0.1172
8.69	0.07685
8.7	0.05715
8.71	0.05388
8.72	0.05564
8.73	0.05253
8.74	0.04105
8.75	0.02194
8.76	-0.00154
8.77	-0.02368
8.78	-0.03734
8.79	-0.03813
8.8	-0.02708
8.81	-0.00945
8.82	0.00669
8.83	0.00972
8.84	-0.00912
8.85	-0.0498
8.86	-0.10461
8.87	-0.16354
8.88	-0.21591
8.89	-0.2478
8.9	-0.24987
8.91	-0.22405
8.92	-0.18109
8.93	-0.13336
8.94	-0.08874
8.95	-0.04891
8.96	-0.01113
8.97	0.02751
8.98	0.06204
8.99	0.08086
9	0.07731
9.01	0.05511
9.02	0.02512
9.03	-0.00151
9.04	-0.01908
9.05	-0.03115
9.06	-0.04716
9.07	-0.07469
9.08	-0.11584
9.09	-0.1677
9.1	-0.21756
9.11	-0.24406
9.12	-0.23536
9.13	-0.19829
9.14	-0.15169
9.15	-0.11331
9.16	-0.09132
9.17	-0.08337
9.18	-0.0809
9.19	-0.07464
9.2	-0.05821
9.21	-0.02899
9.22	0.0132
9.23	0.06476
9.24	0.10841
9.25	0.12227
9.26	0.0988
9.27	0.04862
9.28	-0.00641
9.29	-0.043
9.3	-0.0496
9.31	-0.03203
9.32	-0.01094
9.33	-0.0087
9.34	-0.03595
9.35	-0.08895
9.36	-0.15601
9.37	-0.22528
9.38	-0.28239
9.39	-0.30936
9.4	-0.29782
9.41	-0.25503
9.42	-0.19772
9.43	-0.14174
9.44	-0.09604
9.45	-0.06484
9.46	-0.04893
9.47	-0.045
9.48	-0.0473
9.49	-0.05038
9.5	-0.05086
9.51	-0.0468
9.52	-0.0365
9.53	-0.01912
9.54	0.00496
9.55	0.03452
9.56	0.06822
9.57	0.10502
9.58	0.14393
9.59	0.18028
9.6	0.20488
9.61	0.21139
9.62	0.20074
9.63	0.17941
9.64	0.15635
9.65	0.14195
9.66	0.14303
9.67	0.1585
9.68	0.17666
9.69	0.17897
9.7	0.15365
9.71	0.10241
9.72	0.03664
9.73	-0.03101
9.74	-0.09233
9.75	-0.13848
9.76	-0.1582
9.77	-0.14749
9.78	-0.11418
9.79	-0.07473
9.8	-0.04491
9.81	-0.032
9.82	-0.03392
9.83	-0.041
9.84	-0.03984
9.85	-0.0225
9.86	0.00881
9.87	0.04261
9.88	0.06459
9.89	0.06748
9.9	0.05443
9.91	0.03533
9.92	0.01858
9.93	0.00377
9.94	-0.01373
9.95	-0.0355
9.96	-0.05806
9.97	-0.0754
9.98	-0.08293
9.99	-0.07976
10	-0.06603
10.01	-0.0377
10.02	0.00901
10.03	0.07229
10.04	0.14515
10.05	0.21937
10.06	0.2864
10.07	0.33346
10.08	0.34994
10.09	0.33507
10.1	0.29718
10.11	0.24795
10.12	0.19699
10.13	0.15342
10.14	0.13189
10.15	0.14429
10.16	0.19069
10.17	0.25966
10.18	0.33318
10.19	0.38563
10.2	0.39263
10.21	0.34641
10.22	0.25856
10.23	0.15114
10.24	0.04494
10.25	-0.04804
10.26	-0.12141
10.27	-0.16517
10.28	-0.17356
10.29	-0.15377
10.3	-0.12296
10.31	-0.09809
10.32	-0.0872
10.33	-0.09113
10.34	-0.10945
10.35	-0.13679
10.36	-0.16193
10.37	-0.17118
10.38	-0.15088
10.39	-0.09645
10.4	-0.01789
10.41	0.06313
10.42	0.11821
10.43	0.12654
10.44	0.08703
10.45	0.01619
10.46	-0.06202
10.47	-0.12307
10.48	-0.15115
10.49	-0.14601
10.5	-0.11962
10.51	-0.08688
10.52	-0.05782
10.53	-0.03697
10.54	-0.02662
10.55	-0.02599
10.56	-0.03124
10.57	-0.03776
10.58	-0.04206
10.59	-0.04126
10.6	-0.03408
10.61	-0.02266
10.62	-0.01321
10.63	-0.01218
10.64	-0.02188
10.65	-0.03991
10.66	-0.0616
10.67	-0.08303
10.68	-0.10164
10.69	-0.11222
10.7	-0.10888
10.71	-0.0906
10.72	-0.06217
10.73	-0.03324
10.74	-0.01565
10.75	-0.01602
10.76	-0.0324
10.77	-0.05582
10.78	-0.0731
10.79	-0.07437
10.8	-0.05853
10.81	-0.03194
10.82	-0.00653
10.83	0.00215
10.84	-0.01535
10.85	-0.05671
10.86	-0.11116
10.87	-0.16389
10.88	-0.19777
10.89	-0.20257
10.9	-0.18081
10.91	-0.14508
10.92	-0.11376
10.93	-0.10174
10.94	-0.11235
10.95	-0.13826
10.96	-0.16751
10.97	-0.18661
10.98	-0.18562
10.99	-0.16383
11	-0.12867
11.01	-0.09006
11.02	-0.05492
11.03	-0.0251
11.04	0.00111
11.05	0.02574
11.06	0.04994
11.07	0.07427
11.08	0.09965
11.09	0.12828
11.1	0.16256
11.11	0.20342
11.12	0.2446
11.13	0.27026
11.14	0.26842
11.15	0.24014
11.16	0.19689
11.17	0.15192
11.18	0.11299
11.19	0.08007
11.2	0.0477
11.21	0.00949
11.22	-0.0318
11.23	-0.05725
11.24	-0.0491
11.25	-0.00617
11.26	0.05708
11.27	0.12158
11.28	0.17448
11.29	0.21298
11.3	0.23603
11.31	0.23774
11.32	0.21619
11.33	0.17906
11.34	0.13898
11.35	0.10343
11.36	0.07136
11.37	0.0387
11.38	0.00336
11.39	-0.03369
11.4	-0.07007
11.41	-0.10403
11.42	-0.1337
11.43	-0.15582
11.44	-0.1693
11.45	-0.17725
11.46	-0.18518
11.47	-0.19426
11.48	-0.19723
11.49	-0.18641
11.5	-0.16053
11.51	-0.12457
11.52	-0.08569
11.53	-0.0516
11.54	-0.02883
11.55	-0.01955
11.56	-0.02158
11.57	-0.03024
11.58	-0.04007
11.59	-0.04642
11.6	-0.04667
11.61	-0.03851
11.62	-0.01835
11.63	0.01506
11.64	0.05646
11.65	0.09382
11.66	0.11578
11.67	0.11786
11.68	0.10256
11.69	0.07556
11.7	0.04174
11.71	0.0042
11.72	-0.03052
11.73	-0.05354
11.74	-0.06079
11.75	-0.05505
11.76	-0.04267
11.77	-0.02893
11.78	-0.0154
11.79	-0.00013
11.8	0.02033
11.81	0.04723
11.82	0.07467
11.83	0.09398
11.84	0.10156
11.85	0.10171
11.86	0.10461
11.87	0.11906
11.88	0.14725
11.89	0.18459
11.9	0.22053
11.91	0.2419
11.92	0.24137
11.93	0.2209
11.94	0.18842
11.95	0.15207
11.96	0.11581
11.97	0.08028
11.98	0.04724
11.99	0.02024
12	0.00205
12.01	-0.00713
12.02	-0.00961
12.03	-0.00833
12.04	-0.00561
12.05	-0.00307
12.06	-0.00155
12.07	-0.00102
12.08	-0.00104
12.09	-0.00134
12.1	-0.00247
12.11	-0.0087
12.12	-0.02746
12.13	-0.06295
12.14	-0.11313
12.15	-0.17169
12.16	-0.23076
12.17	-0.27817
12.18	-0.30131
12.19	-0.29647
12.2	-0.27026
12.21	-0.23401
12.22	-0.19696
12.23	-0.16349
12.24	-0.13565
12.25	-0.11383
12.26	-0.09601
12.27	-0.07875
12.28	-0.05887
12.29	-0.03472
12.3	-0.00726
12.31	0.01734
12.32	0.0313
12.33	0.03173
12.34	0.02204
12.35	0.00874
12.36	-0.00228
12.37	-0.00506
12.38	0.00626
12.39	0.03309
12.4	0.07124
12.41	0.11381
12.42	0.1549
12.43	0.19074
12.44	0.21525
12.45	0.221
12.46	0.20557
12.47	0.1732
12.48	0.13149
12.49	0.08701
12.5	0.0428
12.51	0.00159
12.52	-0.02461
12.53	-0.02138
12.54	0.01496
12.55	0.07526
12.56	0.1446
12.57	0.21004
12.58	0.25896
12.59	0.27894
12.6	0.26659
12.61	0.22981
12.62	0.18228
12.63	0.13659
12.64	0.09948
12.65	0.06957
12.66	0.04018
12.67	0.00547
12.68	-0.03586
12.69	-0.08068
12.7	-0.12152
12.71	-0.14868
12.72	-0.1571
12.73	-0.15061
12.74	-0.1411
12.75	-0.14016
12.76	-0.15214
12.77	-0.17363
12.78	-0.1968
12.79	-0.21348
12.8	-0.21881
12.81	-0.21266
12.82	-0.19895
12.83	-0.18197
12.84	-0.16178
12.85	-0.13576
12.86	-0.10258
12.87	-0.0637
12.88	-0.02239
12.89	0.01806
12.9	0.05359
12.91	0.07783
12.92	0.08656
12.93	0.08108
12.94	0.06719
12.95	0.05309
12.96	0.04672
12.97	0.05161
12.98	0.0659
12.99	0.08289
13	0.09184
13.01	0.08489
13.02	0.06229
13.03	0.03085
13.04	-0.00109
13.05	-0.02807
13.06	-0.04903
13.07	-0.06605
13.08	-0.08206
13.09	-0.09858
13.1	-0.11351
13.11	-0.12263
13.12	-0.12318
13.13	-0.11462
13.14	-0.09857
13.15	-0.0781
13.16	-0.05664
13.17	-0.03682
13.18	-0.01998
13.19	-0.00816
13.2	-0.00714
13.21	-0.02223
13.22	-0.05341
13.23	-0.09035
13.24	-0.11296
13.25	-0.10629
13.26	-0.0701
13.27	-0.01598
13.28	0.04178
13.29	0.09404
13.3	0.13887
13.31	0.17635
13.32	0.20537
13.33	0.22607
13.34	0.24112
13.35	0.25459
13.36	0.27002
13.37	0.28911
13.38	0.30786
13.39	0.31414
13.4	0.29766
13.41	0.25818
13.42	0.20447
13.43	0.14771
13.44	0.09545
13.45	0.04935
13.46	0.00662
13.47	-0.03679
13.48	-0.08047
13.49	-0.11282
13.5	-0.12025
13.51	-0.09934
13.52	-0.05846
13.53	-0.01116
13.54	0.03149
13.55	0.06497
13.56	0.09075
13.57	0.11299
13.58	0.135
13.59	0.15384
13.6	0.15869
13.61	0.14064
13.62	0.09983
13.63	0.04446
13.64	-0.01508
13.65	-0.07078
13.66	-0.11516
13.67	-0.14139
13.68	-0.14812
13.69	-0.14022
13.7	-0.12523
13.71	-0.10913
13.72	-0.0943
13.73	-0.08047
13.74	-0.06903
13.75	-0.06338
13.76	-0.06526
13.77	-0.07252
13.78	-0.08064
13.79	-0.08583
13.8	-0.0871
13.81	-0.08578
13.82	-0.08388
13.83	-0.08267
13.84	-0.08221
13.85	-0.08084
13.86	-0.07601
13.87	-0.06636
13.88	-0.05374
13.89	-0.04503
13.9	-0.04795
13.91	-0.06531
13.92	-0.0927
13.93	-0.11629
13.94	-0.12081
13.95	-0.10076
13.96	-0.06223
13.97	-0.01697
13.98	0.02508
13.99	0.05965
14	0.0848
14.01	0.0973
14.02	0.09599
14.03	0.08391
14.04	0.067
14.05	0.05189
14.06	0.04314
14.07	0.04147
14.08	0.04373
14.09	0.0435
14.1	0.03508
14.11	0.01689
14.12	-0.00878
14.13	-0.03822
14.14	-0.06632
14.15	-0.08166
14.16	-0.07269
14.17	-0.0375
14.18	0.01571
14.19	0.07498
14.2	0.1315
14.21	0.18203
14.22	0.2217
14.23	0.24127
14.24	0.23632
14.25	0.21178
14.26	0.17854
14.27	0.14726
14.28	0.12581
14.29	0.118
14.3	0.1219
14.31	0.12859
14.32	0.12574
14.33	0.10583
14.34	0.07077
14.35	0.03019
14.36	-0.00611
14.37	-0.03199
14.38	-0.04264
14.39	-0.0366
14.4	-0.01745
14.41	0.008
14.42	0.0302
14.43	0.03939
14.44	0.03199
14.45	0.01209
14.46	-0.01226
14.47	-0.03382
14.48	-0.04554
14.49	-0.03984
14.5	-0.01469
14.51	0.02184
14.52	0.05668
14.53	0.08067
14.54	0.09267
14.55	0.09834
14.56	0.10482
14.57	0.11582
14.58	0.12878
14.59	0.13752
14.6	0.13772
14.61	0.12956
14.62	0.11692
14.63	0.10458
14.64	0.0953
14.65	0.08676
14.66	0.07244
14.67	0.04767
14.68	0.01294
14.69	-0.02726
14.7	-0.06775
14.71	-0.10486
14.72	-0.13472
14.73	-0.15326
14.74	-0.15964
14.75	-0.15705
14.76	-0.15047
14.77	-0.14295
14.78	-0.1342
14.79	-0.12277
14.8	-0.10832
14.81	-0.09437
14.82	-0.08807
14.83	-0.09459
14.84	-0.11376
14.85	-0.14083
14.86	-0.16692
14.87	-0.18203
14.88	-0.18167
14.89	-0.16875
14.9	-0.14898
14.91	-0.12495
14.92	-0.09637
14.93	-0.06268
14.94	-0.02437
14.95	0.01712
14.96	0.06023
14.97	0.10402
14.98	0.14781
14.99	0.18629
15	0.20944
15.01	0.21164
15.02	0.19606
15.03	0.1718
15.04	0.14808
15.05	0.13005
15.06	0.11719
15.07	0.1041
15.08	0.08523
15.09	0.05868
15.1	0.02652
15.11	-0.00756
15.12	-0.04068
15.13	-0.07206
15.14	-0.10267
15.15	-0.13173
15.16	-0.15238
15.17	-0.15751
15.18	-0.14635
15.19	-0.12466
15.2	-0.10058
15.21	-0.08023
15.22	-0.06569
15.23	-0.05566
15.24	-0.04753
15.25	-0.03923
15.26	-0.03009
15.27	-0.02075
15.28	-0.01365
15.29	-0.01184
15.3	-0.01635
15.31	-0.02454
15.32	-0.03017
15.33	-0.0276
15.34	-0.01618
15.35	-0.00006
15.36	0.01577
15.37	0.02872
15.38	0.03851
15.39	0.04403
15.4	0.04357
15.41	0.03707
15.42	0.02664
15.43	0.01746
15.44	0.01743
15.45	0.03156
15.46	0.05907
15.47	0.09578
15.48	0.13689
15.49	0.1764
15.5	0.20205
15.51	0.20157
15.52	0.17246
15.53	0.12267
15.54	0.06438
15.55	0.00717
15.56	-0.04533
15.57	-0.0917
15.58	-0.12435
15.59	-0.13445
15.6	-0.12058
15.61	-0.08967
15.62	-0.05232
15.63	-0.01857
15.64	0.00567
15.65	0.02041
15.66	0.02984
15.67	0.03886
15.68	0.05041
15.69	0.06435
15.7	0.07464
15.71	0.07119
15.72	0.04837
15.73	0.00881
15.74	-0.03937
15.75	-0.08787
15.76	-0.13206
15.77	-0.17149
15.78	-0.20625
15.79	-0.23421
15.8	-0.25359
15.81	-0.26517
15.82	-0.27191
15.83	-0.2772
15.84	-0.28187
15.85	-0.28096
15.86	-0.26816
15.87	-0.24172
15.88	-0.20539
15.89	-0.16539
15.9	-0.12681
15.91	-0.09166
15.92	-0.05909
15.93	-0.02694
15.94	0.00646
15.95	0.03811
15.96	0.05864
15.97	0.06064
15.98	0.04463
15.99	0.01784
16	-0.01098
16.01	-0.03605
16.02	-0.05571
16.03	-0.06827
16.04	-0.07059
16.05	-0.06171
16.06	-0.04446
16.07	-0.02423
16.08	-0.00726
16.09	0.00232
16.1	0.00513
16.11	0.00759
16.12	0.017
16.13	0.03635
16.14	0.06352
16.15	0.09395
16.16	0.12384
16.17	0.15197
16.18	0.17805
16.19	0.19632
16.2	0.19837
16.21	0.18128
16.22	0.14983
16.23	0.11264
16.24	0.07758
16.25	0.05099
16.26	0.03653
16.27	0.03305
16.28	0.03531
16.29	0.03619
16.3	0.0313
16.31	0.02162
16.32	0.01084
16.33	0.00194
16.34	-0.00464
16.35	-0.01083
16.36	-0.01901
16.37	-0.03022
16.38	-0.04382
16.39	-0.05837
16.4	-0.07286
16.41	-0.08687
16.42	-0.09976
16.43	-0.11003
16.44	-0.11642
16.45	-0.11886
16.46	-0.11797
16.47	-0.11319
16.48	-0.10335
16.49	-0.08844
16.5	-0.07021
16.51	-0.05218
16.52	-0.03783
16.53	-0.02803
16.54	-0.01982
16.55	-0.00898
16.56	0.00671
16.57	0.0266
16.58	0.04831
16.59	0.06924
16.6	0.08742
16.61	0.1024
16.62	0.11433
16.63	0.12112
16.64	0.11975
16.65	0.10958
16.66	0.09298
16.67	0.07379
16.68	0.0559
16.69	0.04214
16.7	0.03304
16.71	0.02662
16.72	0.01885
16.73	0.00623
16.74	-0.01204
16.75	-0.03421
16.76	-0.05709
16.77	-0.07448
16.78	-0.07895
16.79	-0.06766
16.8	-0.044
16.81	-0.01466
16.82	0.01368
16.83	0.03549
16.84	0.04833
16.85	0.0537
16.86	0.05545
16.87	0.05743
16.88	0.06277
16.89	0.07325
16.9	0.08846
16.91	0.10595
16.92	0.11975
16.93	0.12243
16.94	0.11079
16.95	0.0876
16.96	0.05909
16.97	0.03325
16.98	0.01851
16.99	0.0188
17	0.03161
17.01	0.05055
17.02	0.06945
17.03	0.08337
17.04	0.08864
17.05	0.08471
17.06	0.07422
17.07	0.06116
17.08	0.04858
17.09	0.03763
17.1	0.02782
17.11	0.01797
17.12	0.00726
17.13	-0.00446
17.14	-0.01672
17.15	-0.02811
17.16	-0.03598
17.17	-0.03842
17.18	-0.0357
17.19	-0.03026
17.2	-0.02635
17.21	-0.02763
17.22	-0.03497
17.23	-0.04654
17.24	-0.05944
17.25	-0.07115
17.26	-0.078
17.27	-0.07573
17.28	-0.06294
17.29	-0.04207
17.3	-0.01753
17.31	0.0049
17.32	0.01597
17.33	0.00822
17.34	-0.0184
17.35	-0.05729
17.36	-0.09992
17.37	-0.14035
17.38	-0.17687
17.39	-0.20916
17.4	-0.2313
17.41	-0.23521
17.42	-0.21849
17.43	-0.18614
17.44	-0.14677
17.45	-0.10769
17.46	-0.07219
17.47	-0.03971
17.48	-0.00789
17.49	0.02455
17.5	0.05375
17.51	0.07321
17.52	0.07979
17.53	0.07569
17.54	0.06731
17.55	0.06191
17.56	0.0636
17.57	0.07192
17.58	0.08288
17.59	0.09093
17.6	0.09228
17.61	0.08691
17.62	0.0784
17.63	0.07255
17.64	0.07374
17.65	0.08237
17.66	0.0948
17.67	0.1053
17.68	0.10986
17.69	0.10818
17.7	0.10306
17.71	0.09932
17.72	0.10117
17.73	0.10719
17.74	0.10807
17.75	0.09444
17.76	0.0639
17.77	0.02128
17.78	-0.0256
17.79	-0.0705
17.8	-0.10898
17.81	-0.13684
17.82	-0.15236
17.83	-0.15683
17.84	-0.1524
17.85	-0.13972
17.86	-0.11921
17.87	-0.09249
17.88	-0.06206
17.89	-0.03093
17.9	-0.00431
17.91	0.01207
17.92	0.01631
17.93	0.01125
17.94	0.00218
17.95	-0.00512
17.96	-0.00543
17.97	0.00321
17.98	0.01886
17.99	0.03637
18	0.04761
18.01	0.04622
18.02	0.03176
18.03	0.00889
18.04	-0.01621
18.05	-0.03838
18.06	-0.05244
18.07	-0.05502
18.08	-0.04705
18.09	-0.0345
18.1	-0.02593
18.11	-0.02686
18.12	-0.0372
18.13	-0.05262
18.14	-0.06784
18.15	-0.07969
18.16	-0.08797
18.17	-0.09448
18.18	-0.10135
18.19	-0.10975
18.2	-0.1193
18.21	-0.12619
18.22	-0.12406
18.23	-0.10936
18.24	-0.08371
18.25	-0.05219
18.26	-0.02008
18.27	0.0084
18.28	0.02994
18.29	0.04369
18.3	0.05166
18.31	0.05712
18.32	0.06239
18.33	0.06703
18.34	0.06911
18.35	0.06741
18.36	0.0623
18.37	0.0553
18.38	0.04808
18.39	0.04168
18.4	0.03741
18.41	0.03725
18.42	0.04227
18.43	0.05168
18.44	0.06346
18.45	0.07555
18.46	0.08517
18.47	0.08828
18.48	0.08249
18.49	0.06883
18.5	0.05076
18.51	0.03191
18.52	0.01444
18.53	-0.00015
18.54	-0.00879
18.55	-0.00887
18.56	-0.00066
18.57	0.01293
18.58	0.0283
18.59	0.04292
18.6	0.05598
18.61	0.06603
18.62	0.06854
18.63	0.05957
18.64	0.03933
18.65	0.01217
18.66	-0.01508
18.67	-0.03683
18.68	-0.0518
18.69	-0.06364
18.7	-0.07786
18.71	-0.0978
18.72	-0.12321
18.73	-0.15146
18.74	-0.17901
18.75	-0.20032
18.76	-0.20971
18.77	-0.20585
18.78	-0.19193
18.79	-0.17129
18.8	-0.14512
18.81	-0.11382
18.82	-0.07831
18.83	-0.04007
18.84	-0.00067
18.85	0.03879
18.86	0.07782
18.87	0.11406
18.88	0.13861
18.89	0.14223
18.9	0.12336
18.91	0.08867
18.92	0.04802
18.93	0.00904
18.94	-0.02514
18.95	-0.05184
18.96	-0.06565
18.97	-0.06337
18.98	-0.04712
18.99	-0.02287
19	0.0032
19.01	0.02726
19.02	0.04708
19.03	0.06099
19.04	0.06895
19.05	0.07275
19.06	0.07575
19.07	0.08183
19.08	0.09304
19.09	0.10876
19.1	0.12612
19.11	0.13793
19.12	0.13502
19.13	0.11352
19.14	0.07707
19.15	0.03353
19.16	-0.00991
19.17	-0.04976
19.18	-0.08634
19.19	-0.12072
19.2	-0.14688
19.21	-0.15384
19.22	-0.13611
19.23	-0.09774
19.24	-0.04866
19.25	0.00133
19.26	0.04474
19.27	0.07584
19.28	0.09329
19.29	0.10026
19.3	0.10119
19.31	0.09943
19.32	0.0965
19.33	0.09156
19.34	0.08256
19.35	0.06791
19.36	0.04679
19.37	0.01983
19.38	-0.01095
19.39	-0.04315
19.4	-0.0751
19.41	-0.10593
19.42	-0.13252
19.43	-0.14829
19.44	-0.14898
19.45	-0.13609
19.46	-0.11621
19.47	-0.09764
19.48	-0.08571
19.49	-0.08078
19.5	-0.0793
19.51	-0.07637
19.52	-0.06879
19.53	-0.05648
19.54	-0.04156
19.55	-0.02709
19.56	-0.01678
19.57	-0.01326
19.58	-0.01634
19.59	-0.02346
19.6	-0.03074
19.61	-0.03419
19.62	-0.03198
19.63	-0.02532
19.64	-0.01712
19.65	-0.00994
19.66	-0.00475
19.67	-0.00083
19.68	0.00382
19.69	0.011
19.7	0.02114
19.71	0.03328
19.72	0.04483
19.73	0.05153
19.74	0.0504
19.75	0.04191
19.76	0.02986
19.77	0.01911
19.78	0.01255
19.79	0.00994
19.8	0.00792
19.81	0.00203
19.82	-0.01007
19.83	-0.02691
19.84	-0.04227
19.85	-0.04891
19.86	-0.04389
19.87	-0.02966
19.88	-0.01145
19.89	0.00607
19.9	0.02083
19.91	0.03329
19.92	0.04503
19.93	0.0557
19.94	0.06195
19.95	0.06083
19.96	0.05229
19.97	0.03892
19.98	0.02531
19.99	0.01859
20	0.02434
20.01	0.04267
20.02	0.06798
20.03	0.09234
20.04	0.11042
20.05	0.12012
20.06	0.11997
20.07	0.10998
20.08	0.0925
20.09	0.07116
20.1	0.04911
20.11	0.028
20.12	0.00886
20.13	-0.00702
20.14	-0.01849
20.15	-0.02456
20.16	-0.02507
20.17	-0.02066
20.18	-0.01217
20.19	-0.00069
20.2	0.01253
20.21	0.02633
20.22	0.03936
20.23	0.05011
20.24	0.05746
20.25	0.06063
20.26	0.05917
20.27	0.05196
20.28	0.03823
20.29	0.01883
20.3	-0.00402
20.31	-0.02794
20.32	-0.05051
20.33	-0.06741
20.34	-0.07456
20.35	-0.07142
20.36	-0.0611
20.37	-0.04846
20.38	-0.0384
20.39	-0.03383
20.4	-0.03444
20.41	-0.03722
20.42	-0.03874
20.43	-0.03727
20.44	-0.03411
20.45	-0.03382
20.46	-0.04075
20.47	-0.05579
20.48	-0.07648
20.49	-0.09842
20.5	-0.11377
20.51	-0.11348
20.52	-0.09422
20.53	-0.06013
20.54	-0.01929
20.55	0.02117
20.56	0.05794
20.57	0.09053
20.58	0.11562
20.59	0.12803
20.6	0.12599
20.61	0.11275
20.62	0.09422
20.63	0.07696
20.64	0.06739
20.65	0.06859
20.66	0.07891
20.67	0.09348
20.68	0.10578
20.69	0.11044
20.7	0.10624
20.71	0.09594
20.72	0.08374
20.73	0.07287
20.74	0.06513
20.75	0.06137
20.76	0.061
20.77	0.06051
20.78	0.05484
20.79	0.04123
20.8	0.0207
20.81	-0.00337
20.82	-0.02669
20.83	-0.04276
20.84	-0.04559
20.85	-0.03423
20.86	-0.01302
20.87	0.01013
20.88	0.02525
20.89	0.02582
20.9	0.01228
20.91	-0.01004
20.92	-0.03485
20.93	-0.05656
20.94	-0.06847
20.95	-0.0659
20.96	-0.04968
20.97	-0.02522
20.98	0.00032
20.99	0.0215
21	0.03685
21.01	0.04831
21.02	0.05902
21.03	0.07122
21.04	0.08436
21.05	0.09284
21.06	0.08996
21.07	0.07353
21.08	0.04682
21.09	0.01617
21.1	-0.01172
21.11	-0.03274
21.12	-0.04697
21.13	-0.0574
21.14	-0.06721
21.15	-0.07569
21.16	-0.07848
21.17	-0.07228
21.18	-0.05748
21.19	-0.03796
21.2	-0.01945
21.21	-0.00629
21.22	-0.0004
21.23	-0.00167
21.24	-0.00849
21.25	-0.01868
21.26	-0.03024
21.27	-0.04196
21.28	-0.05347
21.29	-0.06479
21.3	-0.07413
21.31	-0.07783
21.32	-0.07361
21.33	-0.06229
21.34	-0.04694
21.35	-0.03086
21.36	-0.01631
21.37	-0.0047
21.38	0.00358
21.39	0.00876
21.4	0.01088
21.41	0.01013
21.42	0.00713
21.43	0.00202
21.44	-0.00632
21.45	-0.01888
21.46	-0.03532
21.47	-0.05405
21.48	-0.07216
21.49	-0.08625
21.5	-0.09476
21.51	-0.09856
21.52	-0.09932
21.53	-0.09798
21.54	-0.09441
21.55	-0.08799
21.56	-0.07859
21.57	-0.06684
21.58	-0.05302
21.59	-0.03642
21.6	-0.01638
21.61	0.00669
21.62	0.03071
21.63	0.05196
21.64	0.06756
21.65	0.0766
21.66	0.07908
21.67	0.07594
21.68	0.0691
21.69	0.06067
21.7	0.05192
21.71	0.04247
21.72	0.03108
21.73	0.01704
21.74	0.00076
21.75	-0.0159
21.76	-0.02839
21.77	-0.0321
21.78	-0.02602
21.79	-0.01291
21.8	0.00288
21.81	0.01784
21.82	0.02922
21.83	0.03287
21.84	0.02579
21.85	0.00868
21.86	-0.01461
21.87	-0.03967
21.88	-0.06357
21.89	-0.08563
21.9	-0.10659
21.91	-0.12521
21.92	-0.13621
21.93	-0.13511
21.94	-0.12207
21.95	-0.10134
21.96	-0.07829
21.97	-0.05666
21.98	-0.03747
21.99	-0.0196
22	-0.00058
22.01	0.02174
22.02	0.04778
22.03	0.07574
22.04	0.10147
22.05	0.12119
22.06	0.13348
22.07	0.13816
22.08	0.13609
22.09	0.12979
22.1	0.12362
22.11	0.12145
22.12	0.12442
22.13	0.13071
22.14	0.13671
22.15	0.13955
22.16	0.1387
22.17	0.13614
22.18	0.13508
22.19	0.13758
22.2	0.1434
22.21	0.14782
22.22	0.14251
22.23	0.12211
22.24	0.08782
22.25	0.0456
22.26	0.00246
22.27	-0.03519
22.28	-0.06331
22.29	-0.08214
22.3	-0.09519
22.31	-0.10499
22.32	-0.11054
22.33	-0.10983
22.34	-0.10113
22.35	-0.08164
22.36	-0.04987
22.37	-0.00977
22.38	0.02926
22.39	0.05901
22.4	0.0772
22.41	0.08526
22.42	0.08385
22.43	0.07358
22.44	0.05633
22.45	0.03496
22.46	0.01216
22.47	-0.01045
22.48	-0.03215
22.49	-0.05156
22.5	-0.06696
22.51	-0.07759
22.52	-0.08324
22.53	-0.08407
22.54	-0.08107
22.55	-0.07462
22.56	-0.06295
22.57	-0.04449
22.58	-0.02137
22.59	0.00139
22.6	0.01938
22.61	0.03065
22.62	0.03614
22.63	0.03859
22.64	0.04069
22.65	0.04359
22.66	0.04632
22.67	0.04726
22.68	0.04561
22.69	0.04188
22.7	0.03738
22.71	0.03331
22.72	0.03018
22.73	0.02734
22.74	0.02219
22.75	0.01188
22.76	-0.00438
22.77	-0.02497
22.78	-0.04579
22.79	-0.05996
22.8	-0.06223
22.81	-0.0525
22.82	-0.03458
22.83	-0.013
22.84	0.00899
22.85	0.03002
22.86	0.04922
22.87	0.06536
22.88	0.07788
22.89	0.08737
22.9	0.0946
22.91	0.0986
22.92	0.09776
22.93	0.09174
22.94	0.08191
22.95	0.07067
22.96	0.06069
22.97	0.0537
22.98	0.04969
22.99	0.04733
23	0.0446
23.01	0.03979
23.02	0.03246
23.03	0.02339
23.04	0.01359
23.05	0.00312
23.06	-0.00878
23.07	-0.0226
23.08	-0.03816
23.09	-0.05473
23.1	-0.07132
23.11	-0.08466
23.12	-0.08891
23.13	-0.08049
23.14	-0.06079
23.15	-0.03474
23.16	-0.00756
23.17	0.01752
23.18	0.03771
23.19	0.04862
23.2	0.04763
23.21	0.03623
23.22	0.01888
23.23	0.00022
23.24	-0.01695
23.25	-0.03224
23.26	-0.04671
23.27	-0.06168
23.28	-0.07779
23.29	-0.09369
23.3	-0.10344
23.31	-0.10033
23.32	-0.08253
23.33	-0.05389
23.34	-0.02085
23.35	0.01042
23.36	0.03495
23.37	0.05078
23.38	0.05955
23.39	0.06397
23.4	0.0657
23.41	0.06574
23.42	0.06577
23.43	0.06787
23.44	0.07305
23.45	0.08076
23.46	0.08831
23.47	0.0907
23.48	0.08423
23.49	0.06907
23.5	0.04856
23.51	0.02676
23.52	0.00636
23.53	-0.01206
23.54	-0.02879
23.55	-0.04316
23.56	-0.05383
23.57	-0.05895
23.58	-0.05728
23.59	-0.0495
23.6	-0.03794
23.61	-0.02534
23.62	-0.01423
23.63	-0.00608
23.64	-0.00092
23.65	0.00163
23.66	0.00174
23.67	-0.00081
23.68	-0.00699
23.69	-0.01737
23.7	-0.03135
23.71	-0.04713
23.72	-0.06184
23.73	-0.07273
23.74	-0.07789
23.75	-0.07704
23.76	-0.07173
23.77	-0.06436
23.78	-0.05714
23.79	-0.05212
23.8	-0.05065
23.81	-0.0526
23.82	-0.05666
23.83	-0.0611
23.84	-0.06392
23.85	-0.06365
23.86	-0.06022
23.87	-0.05489
23.88	-0.04995
23.89	-0.04759
23.9	-0.04857
23.91	-0.05205
23.92	-0.05615
23.93	-0.05821
23.94	-0.0562
23.95	-0.05067
23.96	-0.0446
23.97	-0.04098
23.98	-0.04066
23.99	-0.04126
24	-0.03906
24.01	-0.03193
24.02	-0.02041
24.03	-0.00817
24.04	-0.0011
24.05	-0.00311
24.06	-0.0138
24.07	-0.02952
24.08	-0.04607
24.09	-0.06023
24.1	-0.06893
24.11	-0.07025
24.12	-0.06542
24.13	-0.05809
24.14	-0.05174
24.15	-0.04823
24.16	-0.04775
24.17	-0.04926
24.18	-0.05139
24.19	-0.05307
24.2	-0.05284
24.21	-0.04816
24.22	-0.03737
24.23	-0.02112
24.24	-0.0017
24.25	0.01839
24.26	0.03718
24.27	0.05243
24.28	0.06242
24.29	0.0673
24.3	0.06888
24.31	0.06971
24.32	0.07193
24.33	0.07636
24.34	0.08249
24.35	0.08918
24.36	0.09504
24.37	0.09722
24.38	0.09274
24.39	0.08096
24.4	0.0639
24.41	0.04474
24.42	0.02616
24.43	0.0114
24.44	0.00473
24.45	0.00824
24.46	0.01961
24.47	0.03179
24.48	0.0374
24.49	0.03345
24.5	0.02198
24.51	0.0082
24.52	-0.00179
24.53	-0.00435
24.54	-0.00007
24.55	0.00642
24.56	0.00897
24.57	0.00407
24.58	-0.00764
24.59	-0.02282
24.6	-0.0376
24.61	-0.04801
24.62	-0.05113
24.63	-0.04692
24.64	-0.03809
24.65	-0.02923
24.66	-0.02473
24.67	-0.02607
24.68	-0.03088
24.69	-0.03503
24.7	-0.03568
24.71	-0.03255
24.72	-0.02806
24.73	-0.0265
24.74	-0.03097
24.75	-0.04157
24.76	-0.05557
24.77	-0.06777
24.78	-0.07301
24.79	-0.06955
24.8	-0.05955
24.81	-0.04697
24.82	-0.03511
24.83	-0.02532
24.84	-0.01719
24.85	-0.01039
24.86	-0.00559
24.87	-0.00352
24.88	-0.00404
24.89	-0.00629
24.9	-0.00911
24.91	-0.01066
24.92	-0.00775
24.93	0.0019
24.94	0.01794
24.95	0.03786
24.96	0.05872
24.97	0.0776
24.98	0.09084
24.99	0.09605
25	0.09388
25.01	0.08713
25.02	0.07802
25.03	0.06714
25.04	0.05439
25.05	0.03977
25.06	0.02371
25.07	0.0069
25.08	-0.0098
25.09	-0.02442
25.1	-0.03461
25.11	-0.03955
25.12	-0.04043
25.13	-0.03947
25.14	-0.03861
25.15	-0.03873
25.16	-0.0397
25.17	-0.04087
25.18	-0.04165
25.19	-0.04173
25.2	-0.04035
25.21	-0.03577
25.22	-0.02598
25.23	-0.01046
25.24	0.0094
25.25	0.03123
25.26	0.05268
25.27	0.06993
25.28	0.0784
25.29	0.07641
25.3	0.06636
25.31	0.05429
25.32	0.04712
25.33	0.04841
25.34	0.05706
25.35	0.06842
25.36	0.07609
25.37	0.07578
25.38	0.0675
25.39	0.05458
25.4	0.04132
25.41	0.03246
25.42	0.03156
25.43	0.03887
25.44	0.05158
25.45	0.06595
25.46	0.0793
25.47	0.08993
25.48	0.09561
25.49	0.09479
25.5	0.08803
25.51	0.07772
25.52	0.06735
25.53	0.06023
25.54	0.05766
25.55	0.05869
25.56	0.0612
25.57	0.06296
25.58	0.06158
25.59	0.05543
25.6	0.04496
25.61	0.03313
25.62	0.02349
25.63	0.0179
25.64	0.01584
25.65	0.01535
25.66	0.01429
25.67	0.01137
25.68	0.00655
25.69	0.00071
25.7	-0.0051
25.71	-0.01018
25.72	-0.01439
25.73	-0.01809
25.74	-0.02174
25.75	-0.02565
25.76	-0.03007
25.77	-0.03604
25.78	-0.04513
25.79	-0.05795
25.8	-0.0737
25.81	-0.0904
25.82	-0.10519
25.83	-0.11534
25.84	-0.11806
25.85	-0.11208
25.86	-0.09884
25.87	-0.0816
25.88	-0.06357
25.89	-0.04658
25.9	-0.03085
25.91	-0.01609
25.92	-0.00303
25.93	0.00726
25.94	0.01409
25.95	0.01572
25.96	0.01015
25.97	-0.00265
25.98	-0.02054
25.99	-0.04049
26	-0.06017
26.01	-0.07866
26.02	-0.09626
26.03	-0.11334
26.04	-0.1269
26.05	-0.1312
26.06	-0.12305
26.07	-0.10417
26.08	-0.07958
26.09	-0.05467
26.1	-0.03282
26.11	-0.01448
26.12	0.00197
26.13	0.01861
26.14	0.03668
26.15	0.05621
26.16	0.07643
26.17	0.09645
26.18	0.11522
26.19	0.12905
26.2	0.13293
26.21	0.12498
26.22	0.10779
26.23	0.08626
26.24	0.0648
26.25	0.04568
26.26	0.02914
26.27	0.01415
26.28	-0.00064
26.29	-0.01512
26.3	-0.02513
26.31	-0.02536
26.32	-0.01405
26.33	0.00605
26.34	0.02999
26.35	0.05352
26.36	0.07446
26.37	0.09217
26.38	0.10705
26.39	0.11936
26.4	0.12651
26.41	0.1249
26.42	0.11354
26.43	0.09498
26.44	0.07385
26.45	0.05428
26.46	0.03806
26.47	0.02452
26.48	0.01185
26.49	-0.00153
26.5	-0.01621
26.51	-0.03157
26.52	-0.0448
26.53	-0.05195
26.54	-0.05119
26.55	-0.04393
26.56	-0.0335
26.57	-0.0231
26.58	-0.01523
26.59	-0.01147
26.6	-0.01177
26.61	-0.0147
26.62	-0.01844
26.63	-0.02172
26.64	-0.02444
26.65	-0.02815
26.66	-0.03495
26.67	-0.04555
26.68	-0.05738
26.69	-0.06504
26.7	-0.06489
26.71	-0.05824
26.72	-0.04976
26.73	-0.04371
26.74	-0.04171
26.75	-0.04253
26.76	-0.04243
26.77	-0.03738
26.78	-0.02622
26.79	-0.01139
26.8	0.00331
26.81	0.01533
26.82	0.02434
26.83	0.03168
26.84	0.03902
26.85	0.04743
26.86	0.05697
26.87	0.06657
26.88	0.07223
26.89	0.0688
26.9	0.05433
26.91	0.03119
26.92	0.00421
26.93	-0.0208
26.94	-0.03888
26.95	-0.04859
26.96	-0.05218
26.97	-0.05421
26.98	-0.05972
26.99	-0.07149
27	-0.08885
27.01	-0.10806
27.02	-0.12395
27.03	-0.13331
27.04	-0.13645
27.05	-0.13576
27.06	-0.13279
27.07	-0.12774
27.08	-0.12048
27.09	-0.1112
27.1	-0.10055
27.11	-0.08895
27.12	-0.07569
27.13	-0.05969
27.14	-0.0407
27.15	-0.0195
27.16	0.00216
27.17	0.02033
27.18	0.03031
27.19	0.03048
27.2	0.02394
27.21	0.01765
27.22	0.01782
27.23	0.02629
27.24	0.04065
27.25	0.0568
27.26	0.07147
27.27	0.08237
27.28	0.08773
27.29	0.08732
27.3	0.08275
27.31	0.07635
27.32	0.06879
27.33	0.05795
27.34	0.04147
27.35	0.0192
27.36	-0.00543
27.37	-0.02645
27.38	-0.03755
27.39	-0.03597
27.4	-0.02512
27.41	-0.01152
27.42	-0.00041
27.43	0.00646
27.44	0.01038
27.45	0.01382
27.46	0.01861
27.47	0.02425
27.48	0.02743
27.49	0.02493
27.5	0.01608
27.51	0.00279
27.52	-0.01201
27.53	-0.02568
27.54	-0.0361
27.55	-0.04251
27.56	-0.04575
27.57	-0.04753
27.58	-0.04937
27.59	-0.05182
27.6	-0.05372
27.61	-0.05304
27.62	-0.04815
27.63	-0.03803
27.64	-0.02347
27.65	-0.00764
27.66	0.00594
27.67	0.01566
27.68	0.02215
27.69	0.02732
27.7	0.03288
27.71	0.03962
27.72	0.04718
27.73	0.05318
27.74	0.05351
27.75	0.04567
27.76	0.03052
27.77	0.0113
27.78	-0.00827
27.79	-0.02349
27.8	-0.0292
27.81	-0.02349
27.82	-0.00899
27.83	0.008
27.84	0.0204
27.85	0.02462
27.86	0.02172
27.87	0.01556
27.88	0.01114
27.89	0.01332
27.9	0.02408
27.91	0.04144
27.92	0.05915
27.93	0.06928
27.94	0.06763
27.95	0.05577
27.96	0.03883
27.97	0.0222
27.98	0.00973
27.99	0.00272
28	0.00029
28.01	0.00133
28.02	0.00504
28.03	0.01069
28.04	0.01739
28.05	0.02396
28.06	0.02937
28.07	0.03336
28.08	0.0364
28.09	0.03979
28.1	0.04503
28.11	0.05274
28.12	0.06107
28.13	0.06453
28.14	0.05807
28.15	0.04092
28.16	0.01648
28.17	-0.01035
28.18	-0.03483
28.19	-0.05095
28.2	-0.05394
28.21	-0.0439
28.22	-0.02574
28.23	-0.00809
28.24	0.00038
28.25	-0.00373
28.26	-0.01647
28.27	-0.02909
28.28	-0.03431
28.29	-0.03033
28.3	-0.02047
28.31	-0.01151
28.32	-0.0098
28.33	-0.01744
28.34	-0.03203
28.35	-0.04909
28.36	-0.06478
28.37	-0.07604
28.38	-0.08088
28.39	-0.07952
28.4	-0.07419
28.41	-0.06777
28.42	-0.06253
28.43	-0.05935
28.44	-0.0585
28.45	-0.06102
28.46	-0.06782
28.47	-0.07779
28.48	-0.08706
28.49	-0.09172
28.5	-0.0905
28.51	-0.08578
28.52	-0.08238
28.53	-0.08409
28.54	-0.09152
28.55	-0.10261
28.56	-0.11386
28.57	-0.12058
28.58	-0.11916
28.59	-0.10953
28.6	-0.09485
28.61	-0.08011
28.62	-0.06945
28.63	-0.06408
28.64	-0.06225
28.65	-0.05973
28.66	-0.05167
28.67	-0.03583
28.68	-0.01358
28.69	0.01162
28.7	0.03611
28.71	0.05635
28.72	0.06993
28.73	0.07605
28.74	0.07562
28.75	0.07129
28.76	0.06643
28.77	0.06339
28.78	0.06268
28.79	0.06335
28.8	0.06426
28.81	0.06488
28.82	0.06524
28.83	0.06501
28.84	0.06302
28.85	0.05835
28.86	0.05101
28.87	0.04182
28.88	0.03185
28.89	0.02198
28.9	0.01302
28.91	0.00588
28.92	0.00176
28.93	0.00197
28.94	0.00668
28.95	0.01469
28.96	0.02371
28.97	0.03018
28.98	0.03109
28.99	0.02601
29	0.01711
29.01	0.00753
29.02	-0.00057
29.03	-0.00673
29.04	-0.01189
29.05	-0.01808
29.06	-0.02726
29.07	-0.04001
29.08	-0.05538
29.09	-0.07137
29.1	-0.08385
29.11	-0.08774
29.12	-0.08103
29.13	-0.06589
29.14	-0.04683
29.15	-0.02787
29.16	-0.01094
29.17	0.00408
29.18	0.01727
29.19	0.02721
29.2	0.03264
29.21	0.03402
29.22	0.03405
29.23	0.03595
29.24	0.04136
29.25	0.04946
29.26	0.05651
29.27	0.05819
29.28	0.05281
29.29	0.0419
29.3	0.02863
29.31	0.01596
29.32	0.00701
29.33	0.00541
29.34	0.01268
29.35	0.02654
29.36	0.04154
29.37	0.05261
29.38	0.05796
29.39	0.05904
29.4	0.05875
29.41	0.05948
29.42	0.06203
29.43	0.06578
29.44	0.06867
29.45	0.0679
29.46	0.06198
29.47	0.05163
29.48	0.03916
29.49	0.02829
29.5	0.0231
29.51	0.02524
29.52	0.03304
29.53	0.04306
29.54	0.05233
29.55	0.06003
29.56	0.06726
29.57	0.07558
29.58	0.08549
29.59	0.09444
29.6	0.09785
29.61	0.09303
29.62	0.08089
29.63	0.06475
29.64	0.04794
29.65	0.0321
29.66	0.01717
29.67	0.00223
29.68	-0.01351
29.69	-0.03027
29.7	-0.0477
29.71	-0.06415
29.72	-0.07502
29.73	-0.07591
29.74	-0.06621
29.75	-0.04922
29.76	-0.02964
29.77	-0.0111
29.78	0.00442
29.79	0.01602
29.8	0.02407
29.81	0.02993
29.82	0.03512
29.83	0.04025
29.84	0.04417
29.85	0.04477
29.86	0.04001
29.87	0.02922
29.88	0.01371
29.89	-0.00412
29.9	-0.02211
29.91	-0.03916
29.92	-0.05521
29.93	-0.06986
29.94	-0.0817
29.95	-0.08855
29.96	-0.08871
29.97	-0.08116
29.98	-0.06625
29.99	-0.04605
30	-0.02356
30.01	-0.00278
30.02	0.01241
30.03	0.02056
30.04	0.02234
30.05	0.0196
30.06	0.01449
30.07	0.00879
30.08	0.0037
30.09	-0.00025
30.1	-0.00317
30.11	-0.0055
30.12	-0.0074
30.13	-0.00866
30.14	-0.00915
30.15	-0.00894
30.16	-0.00833
30.17	-0.00821
30.18	-0.01023
30.19	-0.01548
30.2	-0.02341
30.21	-0.03057
30.22	-0.03252
30.23	-0.02766
30.24	-0.01797
30.25	-0.0069
30.26	0.00277
30.27	0.00971
30.28	0.01394
30.29	0.01616
30.3	0.01667
30.31	0.01559
30.32	0.01262
30.33	0.00666
30.34	-0.00306
30.35	-0.01617
30.36	-0.03129
30.37	-0.04543
30.38	-0.0529
30.39	-0.04908
30.4	-0.03395
30.41	-0.01155
30.42	0.01297
30.43	0.0356
30.44	0.05252
30.45	0.06061
30.46	0.05987
30.47	0.05366
30.48	0.04662
30.49	0.04282
30.5	0.04422
30.51	0.05013
30.52	0.05822
30.53	0.06614
30.54	0.07265
30.55	0.07793
30.56	0.08351
30.57	0.0912
30.58	0.10179
30.59	0.11459
30.6	0.12738
30.61	0.13724
30.62	0.14126
30.63	0.138
30.64	0.12847
30.65	0.115
30.66	0.09926
30.67	0.08192
30.68	0.0632
30.69	0.04338
30.7	0.02376
30.71	0.00793
30.72	-0.00084
30.73	-0.00215
30.74	0.00153
30.75	0.00614
30.76	0.00788
30.77	0.00519
30.78	-0.00103
30.79	-0.0086
30.8	-0.01535
30.81	-0.01955
30.82	-0.02064
30.83	-0.01933
30.84	-0.01705
30.85	-0.01539
30.86	-0.01593
30.87	-0.01928
30.88	-0.02488
30.89	-0.03152
30.9	-0.03809
30.91	-0.04407
30.92	-0.04956
30.93	-0.05494
30.94	-0.06055
30.95	-0.0665
30.96	-0.07282
30.97	-0.07997
30.98	-0.08866
30.99	-0.09914
31	-0.111
31.01	-0.12294
31.02	-0.13073
31.03	-0.1289
31.04	-0.11532
31.05	-0.09249
31.06	-0.06537
31.07	-0.03838
31.08	-0.01362
31.09	0.00915
31.1	0.03078
31.11	0.05026
31.12	0.06568
31.13	0.07628
31.14	0.08322
31.15	0.08892
31.16	0.09547
31.17	0.10199
31.18	0.10385
31.19	0.09695
31.2	0.08095
31.21	0.05896
31.22	0.03521
31.23	0.0133
31.24	-0.00355
31.25	-0.01371
31.26	-0.01812
31.27	-0.01985
31.28	-0.02358
31.29	-0.03311
31.3	-0.04915
31.31	-0.06953
31.32	-0.09
31.33	-0.1033
31.34	-0.10304
31.35	-0.08838
31.36	-0.06394
31.37	-0.03633
31.38	-0.01263
31.39	0.00015
31.4	-0.00093
31.41	-0.013
31.42	-0.02901
31.43	-0.04182
31.44	-0.04809
31.45	-0.04889
31.46	-0.04792
31.47	-0.04885
31.48	-0.05326
31.49	-0.06003
31.5	-0.0649
31.51	-0.06311
31.52	-0.05297
31.53	-0.03643
31.54	-0.01727
31.55	0.00131
31.56	0.01775
31.57	0.03063
31.58	0.03781
31.59	0.03841
31.6	0.03372
31.61	0.02601
31.62	0.01651
31.63	0.00511
31.64	-0.00812
31.65	-0.0202
31.66	-0.02582
31.67	-0.02189
31.68	-0.00944
31.69	0.00765
31.7	0.02526
31.71	0.03948
31.72	0.04567
31.73	0.04132
31.74	0.02781
31.75	0.00924
31.76	-0.00989
31.77	-0.02507
31.78	-0.03308
31.79	-0.03374
31.8	-0.02961
31.81	-0.02403
31.82	-0.01936
31.83	-0.01615
31.84	-0.01338
31.85	-0.00955
31.86	-0.00385
31.87	0.00351
31.88	0.01133
31.89	0.01669
31.9	0.01622
31.91	0.00873
31.92	-0.00416
31.93	-0.01923
31.94	-0.03141
31.95	-0.03442
31.96	-0.0252
31.97	-0.00627
31.98	0.01589
31.99	0.03534
32	0.04962
32.01	0.05914
32.02	0.06389
32.03	0.06333
32.04	0.05781
32.05	0.0488
32.06	0.03825
32.07	0.0284
32.08	0.02211
32.09	0.02111
32.1	0.02457
32.11	0.02878
32.12	0.02957
32.13	0.02509
32.14	0.01665
32.15	0.00846
32.16	0.005
32.17	0.00804
32.18	0.01611
32.19	0.0257
32.2	0.03232
32.21	0.03294
32.22	0.02759
32.23	0.0187
32.24	0.00963
32.25	0.005
32.26	0.00915
32.27	0.02295
32.28	0.04366
32.29	0.06677
32.3	0.08583
32.31	0.09317
32.32	0.08517
32.33	0.0644
32.34	0.03749
32.35	0.01202
32.36	-0.00689
32.37	-0.01866
32.38	-0.02619
32.39	-0.03363
32.4	-0.04435
32.41	-0.05943
32.42	-0.07764
32.43	-0.09679
32.44	-0.11511
32.45	-0.13081
32.46	-0.14102
32.47	-0.144
32.48	-0.14094
32.49	-0.13498
32.5	-0.12914
32.51	-0.1249
32.52	-0.12187
32.53	-0.11838
32.54	-0.1129
32.55	-0.105
32.56	-0.09457
32.57	-0.08097
32.58	-0.0639
32.59	-0.04398
32.6	-0.0225
32.61	-0.00133
32.62	0.01672
32.63	0.02902
32.64	0.03418
32.65	0.03204
32.66	0.02324
32.67	0.0094
32.68	-0.00728
32.69	-0.02485
32.7	-0.04221
32.71	-0.05897
32.72	-0.07319
32.73	-0.08057
32.74	-0.07819
32.75	-0.06688
32.76	-0.05033
32.77	-0.0329
32.78	-0.0195
32.79	-0.01447
32.8	-0.01879
32.81	-0.02984
32.82	-0.04311
32.83	-0.05409
32.84	-0.0603
32.85	-0.06149
32.86	-0.05862
32.87	-0.05285
32.88	-0.04502
32.89	-0.03577
32.9	-0.02565
32.91	-0.01592
32.92	-0.01015
32.93	-0.0119
32.94	-0.02182
32.95	-0.03748
32.96	-0.05528
32.97	-0.07245
32.98	-0.0879
32.99	-0.10063
33	-0.10762
33.01	-0.10631
33.02	-0.09697
33.03	-0.08246
33.04	-0.06639
33.05	-0.05192
33.06	-0.04095
33.07	-0.03347
33.08	-0.02805
33.09	-0.02278
33.1	-0.01597
33.11	-0.00689
33.12	0.00398
33.13	0.015
33.14	0.02412
33.15	0.02983
33.16	0.03079
33.17	0.02647
33.18	0.01825
33.19	0.0105
33.2	0.00863
33.21	0.01513
33.22	0.02849
33.23	0.0442
33.24	0.05709
33.25	0.06438
33.26	0.06664
33.27	0.06684
33.28	0.06823
33.29	0.07236
33.3	0.07848
33.31	0.08463
33.32	0.08924
33.33	0.09193
33.34	0.09337
33.35	0.09457
33.36	0.096
33.37	0.09672
33.38	0.09502
33.39	0.0896
33.4	0.08054
33.41	0.06916
33.42	0.05737
33.43	0.04813
33.44	0.04442
33.45	0.04698
33.46	0.05379
33.47	0.06151
33.48	0.06736
33.49	0.06986
33.5	0.06912
33.51	0.06614
33.52	0.06148
33.53	0.05527
33.54	0.04838
33.55	0.04248
33.56	0.03919
33.57	0.0394
33.58	0.04287
33.59	0.04833
33.6	0.05386
33.61	0.05729
33.62	0.05746
33.63	0.05479
33.64	0.05019
33.65	0.04331
33.66	0.0331
33.67	0.01923
33.68	0.00255
33.69	-0.01547
33.7	-0.03304
33.71	-0.04758
33.72	-0.05709
33.73	-0.06161
33.74	-0.06291
33.75	-0.06308
33.76	-0.06317
33.77	-0.06315
33.78	-0.06205
33.79	-0.05782
33.8	-0.04894
33.81	-0.0356
33.82	-0.01958
33.83	-0.0036
33.84	0.0095
33.85	0.01845
33.86	0.02385
33.87	0.02663
33.88	0.02691
33.89	0.02363
33.9	0.01513
33.91	0.00093
33.92	-0.01765
33.93	-0.03804
33.94	-0.05652
33.95	-0.06958
33.96	-0.07448
33.97	-0.07
33.98	-0.05761
33.99	-0.04064
34	-0.02251
34.01	-0.00531
34.02	0.00917
34.03	0.01771
34.04	0.01796
34.05	0.01048
34.06	-0.00089
34.07	-0.00889
34.08	-0.00686
34.09	0.00687
34.1	0.0289
34.11	0.0538
34.12	0.07671
34.13	0.09407
34.14	0.10395
34.15	0.10653
34.16	0.10393
34.17	0.09882
34.18	0.09274
34.19	0.08582
34.2	0.07774
34.21	0.06831
34.22	0.05782
34.23	0.0468
34.24	0.03576
34.25	0.02498
34.26	0.01448
34.27	0.00463
34.28	-0.00249
34.29	-0.00438
34.3	-0.00037
34.31	0.008
34.32	0.01733
34.33	0.02229
34.34	0.01866
34.35	0.00611
34.36	-0.01196
34.37	-0.02872
34.38	-0.03632
34.39	-0.03114
34.4	-0.01542
34.41	0.00527
34.42	0.02533
34.43	0.03923
34.44	0.04243
34.45	0.03432
34.46	0.01834
34.47	-0.00047
34.48	-0.01668
34.49	-0.02487
34.5	-0.02281
34.51	-0.013
34.52	-0.00092
34.53	0.00805
34.54	0.01084
34.55	0.00754
34.56	0.00011
34.57	-0.00928
34.58	-0.01906
34.59	-0.02765
34.6	-0.03204
34.61	-0.02975
34.62	-0.02083
34.63	-0.00766
34.64	0.00586
34.65	0.01533
34.66	0.01846
34.67	0.01605
34.68	0.01123
34.69	0.00919
34.7	0.01491
34.71	0.02978
34.72	0.05038
34.73	0.06815
34.74	0.07467
34.75	0.06736
34.76	0.0499
34.77	0.02894
34.78	0.01163
34.79	0.00308
34.8	0.00388
34.81	0.01054
34.82	0.0182
34.83	0.02347
34.84	0.02526
34.85	0.02431
34.86	0.02221
34.87	0.02037
34.88	0.0194
34.89	0.0192
34.9	0.01951
34.91	0.02009
34.92	0.0208
34.93	0.02139
34.94	0.02032
34.95	0.01513
34.96	0.00459
34.97	-0.01042
34.98	-0.02767
34.99	-0.04369
35	-0.05363
35.01	-0.05436
35.02	-0.04663
35.03	-0.03403
35.04	-0.02123
35.05	-0.01206
35.06	-0.00782
35.07	-0.0071
35.08	-0.00631
35.09	-0.00159
35.1	0.00869
35.11	0.02342
35.12	0.03978
35.13	0.053
35.14	0.05751
35.15	0.05096
35.16	0.03553
35.17	0.01592
35.18	-0.00266
35.19	-0.01406
35.2	-0.01378
35.21	-0.00205
35.22	0.01692
35.23	0.03791
35.24	0.05656
35.25	0.06737
35.26	0.06544
35.27	0.05034
35.28	0.02619
35.29	-0.00129
35.3	-0.02781
35.31	-0.05191
35.32	-0.07441
35.33	-0.09654
35.34	-0.1172
35.35	-0.13348
35.36	-0.14228
35.37	-0.14155
35.38	-0.13197
35.39	-0.11635
35.4	-0.09794
35.41	-0.07914
35.42	-0.06093
35.43	-0.04318
35.44	-0.02528
35.45	-0.00692
35.46	0.01059
35.47	0.02447
35.48	0.03289
35.49	0.03633
35.5	0.03691
35.51	0.03698
35.52	0.03797
35.53	0.04045
35.54	0.04471
35.55	0.05063
35.56	0.05773
35.57	0.06535
35.58	0.0729
35.59	0.07972
35.6	0.08441
35.61	0.0855
35.62	0.08254
35.63	0.07634
35.64	0.06846
35.65	0.06034
35.66	0.05274
35.67	0.04568
35.68	0.03878
35.69	0.0316
35.7	0.02353
35.71	0.01403
35.72	0.00306
35.73	-0.00892
35.74	-0.02083
35.75	-0.03082
35.76	-0.03745
35.77	-0.04073
35.78	-0.04191
35.79	-0.04274
35.8	-0.04462
35.81	-0.04801
35.82	-0.05249
35.83	-0.05714
35.84	-0.06026
35.85	-0.0599
35.86	-0.0551
35.87	-0.04523
35.88	-0.03008
35.89	-0.01051
35.9	0.01172
35.91	0.03481
35.92	0.05744
35.93	0.07783
35.94	0.0938
35.95	0.1039
35.96	0.10759
35.97	0.10502
35.98	0.09676
35.99	0.08414
36	0.06898
36.01	0.05298
36.02	0.03772
36.03	0.0246
36.04	0.01419
36.05	0.00592
36.06	-0.00133
36.07	-0.00806
36.08	-0.01284
36.09	-0.01361
36.1	-0.00973
36.11	-0.0023
36.12	0.00667
36.13	0.01549
36.14	0.0234
36.15	0.03093
36.16	0.03991
36.17	0.052
36.18	0.06745
36.19	0.08488
36.2	0.10134
36.21	0.11288
36.22	0.11617
36.23	0.11046
36.24	0.09792
36.25	0.08222
36.26	0.06662
36.27	0.05285
36.28	0.04083
36.29	0.02926
36.3	0.01655
36.31	0.00194
36.32	-0.01427
36.33	-0.03116
36.34	-0.04734
36.35	-0.06074
36.36	-0.06931
36.37	-0.07137
36.38	-0.06669
36.39	-0.05696
36.4	-0.04484
36.41	-0.03256
36.42	-0.02126
36.43	-0.01199
36.44	-0.00652
36.45	-0.00582
36.46	-0.00924
36.47	-0.01439
36.48	-0.01732
36.49	-0.01474
36.5	-0.00615
36.51	0.006
36.52	0.01596
36.53	0.01751
36.54	0.00833
36.55	-0.00918
36.56	-0.02992
36.57	-0.04732
36.58	-0.05566
36.59	-0.05347
36.6	-0.04372
36.61	-0.03163
36.62	-0.0228
36.63	-0.0207
36.64	-0.02513
36.65	-0.03315
36.66	-0.0406
36.67	-0.0441
36.68	-0.04274
36.69	-0.03816
36.7	-0.03359
36.71	-0.03209
36.72	-0.03472
36.73	-0.04042
36.74	-0.04699
36.75	-0.05113
36.76	-0.04955
36.77	-0.04125
36.78	-0.02794
36.79	-0.01256
36.8	0.00242
36.81	0.01589
36.82	0.02736
36.83	0.03663
36.84	0.04336
36.85	0.04623
36.86	0.04393
36.87	0.03661
36.88	0.02587
36.89	0.01382
36.9	0.00202
36.91	-0.00896
36.92	-0.01938
36.93	-0.02979
36.94	-0.04057
36.95	-0.0511
36.96	-0.05896
36.97	-0.06179
36.98	-0.05928
36.99	-0.05338
37	-0.04799
37.01	-0.04685
37.02	-0.05124
37.03	-0.05975
37.04	-0.06978
37.05	-0.07906
37.06	-0.0856
37.07	-0.08789
37.08	-0.08589
37.09	-0.08083
37.1	-0.07396
37.11	-0.06601
37.12	-0.05731
37.13	-0.04809
37.14	-0.03887
37.15	-0.03033
37.16	-0.02288
37.17	-0.01677
37.18	-0.01276
37.19	-0.01151
37.2	-0.01324
37.21	-0.0186
37.22	-0.02807
37.23	-0.04116
37.24	-0.05649
37.25	-0.07254
37.26	-0.08727
37.27	-0.09708
37.28	-0.09916
37.29	-0.09368
37.3	-0.0835
37.31	-0.07276
37.32	-0.0647
37.33	-0.06049
37.34	-0.05969
37.35	-0.06098
37.36	-0.06294
37.37	-0.06467
37.38	-0.06596
37.39	-0.06713
37.4	-0.06904
37.41	-0.07269
37.42	-0.07841
37.43	-0.08573
37.44	-0.09368
37.45	-0.10033
37.46	-0.10219
37.47	-0.09674
37.48	-0.08455
37.49	-0.06959
37.5	-0.05685
37.51	-0.04915
37.52	-0.04612
37.53	-0.04526
37.54	-0.04289
37.55	-0.03578
37.56	-0.02316
37.57	-0.00746
37.58	0.00712
37.59	0.01684
37.6	0.01961
37.61	0.01514
37.62	0.00465
37.63	-0.00957
37.64	-0.02402
37.65	-0.03436
37.66	-0.03803
37.67	-0.03577
37.68	-0.03149
37.69	-0.03024
37.7	-0.03491
37.71	-0.04488
37.72	-0.0567
37.73	-0.06645
37.74	-0.0717
37.75	-0.07117
37.76	-0.06469
37.77	-0.05368
37.78	-0.04035
37.79	-0.02681
37.8	-0.01539
37.81	-0.00861
37.82	-0.00742
37.83	-0.01061
37.84	-0.01576
37.85	-0.01962
37.86	-0.0187
37.87	-0.01147
37.88	0.00089
37.89	0.01541
37.9	0.02867
37.91	0.03861
37.92	0.04494
37.93	0.04778
37.94	0.04723
37.95	0.0437
37.96	0.03813
37.97	0.03204
37.98	0.02703
37.99	0.02388
38	0.02232
38.01	0.02142
38.02	0.01964
38.03	0.01526
38.04	0.0076
38.05	-0.00268
38.06	-0.01388
38.07	-0.023
38.08	-0.02693
38.09	-0.02472
38.1	-0.01791
38.11	-0.0092
38.12	-0.00103
38.13	0.00471
38.14	0.00708
38.15	0.00652
38.16	0.00435
38.17	0.00216
38.18	0.00122
38.19	0.002
38.2	0.004
38.21	0.00599
38.22	0.00677
38.23	0.00594
38.24	0.00398
38.25	0.0028
38.26	0.00568
38.27	0.01481
38.28	0.0297
38.29	0.04723
38.3	0.06278
38.31	0.07308
38.32	0.07739
38.33	0.07643
38.34	0.07169
38.35	0.06498
38.36	0.05775
38.37	0.05065
38.38	0.04365
38.39	0.03637
38.4	0.02855
38.41	0.02057
38.42	0.01345
38.43	0.00809
38.44	0.00456
38.45	0.0022
38.46	0.00011
38.47	-0.00238
38.48	-0.00545
38.49	-0.00888
38.5	-0.01214
38.51	-0.01463
38.52	-0.01607
38.53	-0.01665
38.54	-0.01691
38.55	-0.01746
38.56	-0.01867
38.57	-0.0205
38.58	-0.02248
38.59	-0.02326
38.6	-0.02118
38.61	-0.01563
38.62	-0.00739
38.63	0.00174
38.64	0.00943
38.65	0.01415
38.66	0.01592
38.67	0.01602
38.68	0.01645
38.69	0.0191
38.7	0.02469
38.71	0.03251
38.72	0.04063
38.73	0.04631
38.74	0.04774
38.75	0.04515
38.76	0.04024
38.77	0.03492
38.78	0.02993
38.79	0.02449
38.8	0.01745
38.81	0.00837
38.82	-0.00205
38.83	-0.01196
38.84	-0.01953
38.85	-0.02379
38.86	-0.02469
38.87	-0.02312
38.88	-0.02035
38.89	-0.01747
38.9	-0.01483
38.91	-0.01191
38.92	-0.00793
38.93	-0.00258
38.94	0.00383
38.95	0.01043
38.96	0.01515
38.97	0.01578
38.98	0.01172
38.99	0.00439
39	-0.00349
39.01	-0.00953
39.02	-0.01294
39.03	-0.0149
39.04	-0.018
39.05	-0.02411
39.06	-0.03254
39.07	-0.04084
39.08	-0.04641
39.09	-0.04783
39.1	-0.04549
39.11	-0.04107
39.12	-0.03661
39.13	-0.03365
39.14	-0.03256
39.15	-0.03272
39.16	-0.03317
39.17	-0.03315
39.18	-0.03181
39.19	-0.02803
39.2	-0.02128
39.21	-0.01209
39.22	-0.00185
39.23	0.0076
39.24	0.01501
39.25	0.02029
39.26	0.02411
39.27	0.02714
39.28	0.02985
39.29	0.03245
39.3	0.03506
39.31	0.03809
39.32	0.04204
39.33	0.04707
39.34	0.05293
39.35	0.05879
39.36	0.06268
39.37	0.06258
39.38	0.05806
39.39	0.05038
39.4	0.04149
39.41	0.03293
39.42	0.02529
39.43	0.01831
39.44	0.01139
39.45	0.00408
39.46	-0.00373
39.47	-0.01179
39.48	-0.01872
39.49	-0.02131
39.5	-0.01704
39.51	-0.00609
39.52	0.00907
39.53	0.02534
39.54	0.03968
39.55	0.04837
39.56	0.04908
39.57	0.04253
39.58	0.03198
39.59	0.02164
39.6	0.01464
39.61	0.01206
39.62	0.01308
39.63	0.01584
39.64	0.01861
39.65	0.02056
39.66	0.02178
39.67	0.02283
39.68	0.02424
39.69	0.02619
39.7	0.02827
39.71	0.0296
39.72	0.02949
39.73	0.02797
39.74	0.02591
39.75	0.02459
39.76	0.0248
39.77	0.02648
39.78	0.02897
39.79	0.03152
39.8	0.03369
39.81	0.03546
39.82	0.03704
39.83	0.03868
39.84	0.04026
39.85	0.04086
39.86	0.03956
39.87	0.03618
39.88	0.03134
39.89	0.02599
39.9	0.02157
39.91	0.02002
39.92	0.02247
39.93	0.02842
39.94	0.0362
39.95	0.04364
39.96	0.04924
39.97	0.05266
39.98	0.05398
39.99	0.05297
40	0.04916
40.01	0.04237
40.02	0.03318
40.03	0.02267
40.04	0.01269
40.05	0.00588
40.06	0.00384
40.07	0.00614
40.08	0.01086
40.09	0.01563
40.1	0.01831
40.11	0.01799
40.12	0.01524
40.13	0.0114
40.14	0.00773
40.15	0.00479
40.16	0.00245
40.17	0.00025
40.18	-0.00222
40.19	-0.00509
40.2	-0.00826
40.21	-0.01151
40.22	-0.01514
40.23	-0.0203
40.24	-0.02789
40.25	-0.03789
40.26	-0.04937
40.27	-0.06066
40.28	-0.06976
40.29	-0.07528
40.3	-0.07584
40.31	-0.07067
40.32	-0.06057
40.33	-0.04754
40.34	-0.03388
40.35	-0.02274
40.36	-0.01731
40.37	-0.01867
40.38	-0.02501
40.39	-0.03164
40.4	-0.03276
40.41	-0.02539
40.42	-0.0107
40.43	0.0076
40.44	0.02583
40.45	0.04152
40.46	0.0522
40.47	0.05612
40.48	0.05376
40.49	0.04769
40.5	0.04106
40.51	0.03587
40.52	0.03247
40.53	0.02998
40.54	0.02719
40.55	0.02295
40.56	0.01677
40.57	0.00907
40.58	0.00128
40.59	-0.005
40.6	-0.00872
40.61	-0.00949
40.62	-0.00766
40.63	-0.00422
40.64	-0.00022
40.65	0.00362
40.66	0.00709
40.67	0.01015
40.68	0.01237
40.69	0.01326
40.7	0.01277
40.71	0.01127
40.72	0.00917
40.73	0.00642
40.74	0.00285
40.75	-0.00153
40.76	-0.00646
40.77	-0.01091
40.78	-0.01323
40.79	-0.01236
40.8	-0.00863
40.81	-0.00336
40.82	0.00141
40.83	0.00377
40.84	0.00306
40.85	0.00005
40.86	-0.00383
40.87	-0.00661
40.88	-0.00596
40.89	-0.00066
40.9	0.00858
40.91	0.01988
40.92	0.03105
40.93	0.03999
40.94	0.04552
40.95	0.04801
40.96	0.04885
40.97	0.04949
40.98	0.05076
40.99	0.05252
41	0.05343
41.01	0.052
41.02	0.04775
41.03	0.0414
41.04	0.03434
41.05	0.02818
41.06	0.02388
41.07	0.02158
41.08	0.02164
41.09	0.02479
41.1	0.03117
41.11	0.04002
41.12	0.05006
41.13	0.06006
41.14	0.06902
41.15	0.07615
41.16	0.08054
41.17	0.08172
41.18	0.07984
41.19	0.07521
41.2	0.06837
41.21	0.06009
41.22	0.05118
41.23	0.04218
41.24	0.03331
41.25	0.02456
41.26	0.01633
41.27	0.00957
41.28	0.00499
41.29	0.00245
41.3	0.00134
41.31	0.00145
41.32	0.0028
41.33	0.00531
41.34	0.00868
41.35	0.01247
41.36	0.01644
41.37	0.02054
41.38	0.0248
41.39	0.02913
41.4	0.0328
41.41	0.03467
41.42	0.03396
41.43	0.03028
41.44	0.02402
41.45	0.01641
41.46	0.00895
41.47	0.00248
41.48	-0.00297
41.49	-0.0081
41.5	-0.0138
41.51	-0.02051
41.52	-0.02734
41.53	-0.03168
41.54	-0.03128
41.55	-0.02592
41.56	-0.01732
41.57	-0.00774
41.58	0.00113
41.59	0.00856
41.6	0.01465
41.61	0.01956
41.62	0.02276
41.63	0.02345
41.64	0.02037
41.65	0.01242
41.66	-0.0001
41.67	-0.01552
41.68	-0.03087
41.69	-0.04296
41.7	-0.05027
41.71	-0.05361
41.72	-0.0551
41.73	-0.0567
41.74	-0.05899
41.75	-0.06093
41.76	-0.06076
41.77	-0.05731
41.78	-0.05074
41.79	-0.04227
41.8	-0.03336
41.81	-0.02497
41.82	-0.0173
41.83	-0.01002
41.84	-0.00266
41.85	0.00506
41.86	0.01313
41.87	0.02134
41.88	0.02877
41.89	0.03367
41.9	0.03484
41.91	0.03276
41.92	0.02908
41.93	0.0255
41.94	0.02287
41.95	0.02099
41.96	0.01897
41.97	0.01604
41.98	0.01203
41.99	0.00733
42	0.00308
42.01	0.0016
42.02	0.00481
42.03	0.01283
42.04	0.02411
42.05	0.03653
42.06	0.04845
42.07	0.05867
42.08	0.06625
42.09	0.07106
42.1	0.07361
42.11	0.07453
42.12	0.07439
42.13	0.07368
42.14	0.07272
42.15	0.07142
42.16	0.06899
42.17	0.06457
42.18	0.05742
42.19	0.04733
42.2	0.03507
42.21	0.02288
42.22	0.01324
42.23	0.00722
42.24	0.00435
42.25	0.00365
42.26	0.00421
42.27	0.00535
42.28	0.00696
42.29	0.00946
42.3	0.0132
42.31	0.01813
42.32	0.02382
42.33	0.02971
42.34	0.03532
42.35	0.04018
42.36	0.04397
42.37	0.04681
42.38	0.04909
42.39	0.05125
42.4	0.05351
42.41	0.05546
42.42	0.05605
42.43	0.05451
42.44	0.05097
42.45	0.04625
42.46	0.04126
42.47	0.03645
42.48	0.03151
42.49	0.02585
42.5	0.01921
42.51	0.01201
42.52	0.00533
42.53	0.00015
42.54	-0.00327
42.55	-0.00478
42.56	-0.00412
42.57	-0.00134
42.58	0.00307
42.59	0.0086
42.6	0.01491
42.61	0.02174
42.62	0.02865
42.63	0.03386
42.64	0.03497
42.65	0.03095
42.66	0.02282
42.67	0.01274
42.68	0.00308
42.69	-0.00418
42.7	-0.00839
42.71	-0.01027
42.72	-0.01113
42.73	-0.01141
42.74	-0.01055
42.75	-0.00793
42.76	-0.00355
42.77	0.00202
42.78	0.008
42.79	0.0138
42.8	0.01885
42.81	0.02205
42.82	0.0225
42.83	0.0203
42.84	0.0164
42.85	0.01198
42.86	0.00784
42.87	0.00399
42.88	-0.00037
42.89	-0.00604
42.9	-0.01324
42.91	-0.02153
42.92	-0.03034
42.93	-0.03961
42.94	-0.0489
42.95	-0.05669
42.96	-0.06161
42.97	-0.06331
42.98	-0.06226
42.99	-0.05937
43	-0.05565
43.01	-0.05184
43.02	-0.04823
43.03	-0.04511
43.04	-0.04387
43.05	-0.04621
43.06	-0.05257
43.07	-0.06193
43.08	-0.07233
43.09	-0.08145
43.1	-0.08775
43.11	-0.09111
43.12	-0.09212
43.13	-0.09132
43.14	-0.08923
43.15	-0.08638
43.16	-0.08328
43.17	-0.0804
43.18	-0.07797
43.19	-0.07595
43.2	-0.07402
43.21	-0.07154
43.22	-0.06803
43.23	-0.06363
43.24	-0.05919
43.25	-0.05553
43.26	-0.05292
43.27	-0.05109
43.28	-0.04952
43.29	-0.04776
43.3	-0.04538
43.31	-0.04199
43.32	-0.03747
43.33	-0.03211
43.34	-0.02639
43.35	-0.02072
43.36	-0.0157
43.37	-0.01216
43.38	-0.01054
43.39	-0.01055
43.4	-0.01145
43.41	-0.01243
43.42	-0.01268
43.43	-0.01145
43.44	-0.00852
43.45	-0.00433
43.46	0.00041
43.47	0.00508
43.48	0.00937
43.49	0.01307
43.5	0.01618
43.51	0.01885
43.52	0.02131
43.53	0.02377
43.54	0.0263
43.55	0.02905
43.56	0.03241
43.57	0.03668
43.58	0.04182
43.59	0.04696
43.6	0.05037
43.61	0.05055
43.62	0.04703
43.63	0.04054
43.64	0.0325
43.65	0.02426
43.66	0.01651
43.67	0.00928
43.68	0.00221
43.69	-0.00506
43.7	-0.0127
43.71	-0.02055
43.72	-0.02775
43.73	-0.03287
43.74	-0.03516
43.75	-0.03501
43.76	-0.03356
43.77	-0.03197
43.78	-0.0309
43.79	-0.03036
43.8	-0.03004
43.81	-0.02958
43.82	-0.02898
43.83	-0.02891
43.84	-0.0302
43.85	-0.03311
43.86	-0.03726
43.87	-0.0418
43.88	-0.04517
43.89	-0.04553
43.9	-0.04217
43.91	-0.03588
43.92	-0.02841
43.93	-0.02173
43.94	-0.0172
43.95	-0.01534
43.96	-0.016
43.97	-0.01842
43.98	-0.02158
43.99	-0.02445
44	-0.0264
44.01	-0.02742
44.02	-0.02811
44.03	-0.02935
44.04	-0.03173
44.05	-0.03521
44.06	-0.03932
44.07	-0.04347
44.08	-0.04698
44.09	-0.04874
44.1	-0.04788
44.11	-0.04453
44.12	-0.03964
44.13	-0.03452
44.14	-0.03069
44.15	-0.02909
44.16	-0.02964
44.17	-0.03143
44.18	-0.03344
44.19	-0.0346
44.2	-0.03345
44.21	-0.02899
44.22	-0.02147
44.23	-0.01215
44.24	-0.00296
44.25	0.00425
44.26	0.00874
44.27	0.01109
44.28	0.01255
44.29	0.0142
44.3	0.01653
44.31	0.01932
44.32	0.02175
44.33	0.02276
44.34	0.02145
44.35	0.01734
44.36	0.01087
44.37	0.00322
44.38	-0.00351
44.39	-0.00735
44.4	-0.00776
44.41	-0.0057
44.42	-0.00299
44.43	-0.00139
44.44	-0.00171
44.45	-0.00358
44.46	-0.00592
44.47	-0.00746
44.48	-0.00756
44.49	-0.00637
44.5	-0.0047
44.51	-0.00353
44.52	-0.00347
44.53	-0.00448
44.54	-0.00606
44.55	-0.00766
44.56	-0.00895
44.57	-0.00992
44.58	-0.01076
44.59	-0.01166
44.6	-0.01273
44.61	-0.01394
44.62	-0.0152
44.63	-0.0162
44.64	-0.01616
44.65	-0.01444
44.66	-0.011
44.67	-0.00625
44.68	-0.00065
44.69	0.00545
44.7	0.01167
44.71	0.01684
44.72	0.01923
44.73	0.01801
44.74	0.0138
44.75	0.00841
44.76	0.00419
44.77	0.00266
44.78	0.00379
44.79	0.00643
44.8	0.00919
44.81	0.01086
44.82	0.0107
44.83	0.00867
44.84	0.00504
44.85	0.00016
44.86	-0.00549
44.87	-0.01129
44.88	-0.01647
44.89	-0.02063
44.9	-0.02387
44.91	-0.02663
44.92	-0.02936
44.93	-0.03227
44.94	-0.03481
44.95	-0.03524
44.96	-0.03212
44.97	-0.02544
44.98	-0.01646
44.99	-0.0068
45	0.00237
45.01	0.01037
45.02	0.01681
45.03	0.0214
45.04	0.02371
45.05	0.02375
45.06	0.02201
45.07	0.01927
45.08	0.0162
45.09	0.01319
45.1	0.01032
45.11	0.00749
45.12	0.00459
45.13	0.00187
45.14	-0.00004
45.15	-0.00066
45.16	-0.00004
45.17	0.00134
45.18	0.00291
45.19	0.00428
45.2	0.00535
45.21	0.00583
45.22	0.00503
45.23	0.00251
45.24	-0.00158
45.25	-0.00657
45.26	-0.01178
45.27	-0.01677
45.28	-0.02145
45.29	-0.02599
45.3	-0.03058
45.31	-0.03537
45.32	-0.04061
45.33	-0.04669
45.34	-0.05378
45.35	-0.06154
45.36	-0.06913
45.37	-0.07558
45.38	-0.07964
45.39	-0.08048
45.4	-0.07831
45.41	-0.07429
45.42	-0.06974
45.43	-0.06552
45.44	-0.06186
45.45	-0.0584
45.46	-0.05421
45.47	-0.04822
45.48	-0.0401
45.49	-0.03038
45.5	-0.02015
45.51	-0.01103
45.52	-0.00441
45.53	-0.00069
45.54	0.00023
45.55	-0.00133
45.56	-0.00476
45.57	-0.00922
45.58	-0.01401
45.59	-0.01873
45.6	-0.02306
45.61	-0.02596
45.62	-0.02624
45.63	-0.0236
45.64	-0.01894
45.65	-0.0139
45.66	-0.00987
45.67	-0.0073
45.68	-0.00577
45.69	-0.00447
45.7	-0.0023
45.71	0.00198
45.72	0.00868
45.73	0.0164
45.74	0.02295
45.75	0.02658
45.76	0.02625
45.77	0.02216
45.78	0.01563
45.79	0.00852
45.8	0.00283
45.81	-0.00021
45.82	-0.0007
45.83	0.00027
45.84	0.00129
45.85	0.00102
45.86	-0.00132
45.87	-0.00556
45.88	-0.01072
45.89	-0.01546
45.9	-0.01888
45.91	-0.0209
45.92	-0.02205
45.93	-0.02267
45.94	-0.02249
45.95	-0.02117
45.96	-0.0188
45.97	-0.01595
45.98	-0.01327
45.99	-0.01107
46	-0.00932
46.01	-0.00776
46.02	-0.00587
46.03	-0.00286
46.04	0.0017
46.05	0.00762
46.06	0.0139
46.07	0.01883
46.08	0.02116
46.09	0.02089
46.1	0.01902
46.11	0.01691
46.12	0.01572
46.13	0.01597
46.14	0.01738
46.15	0.01927
46.16	0.02103
46.17	0.02238
46.18	0.02325
46.19	0.02359
46.2	0.02345
46.21	0.02296
46.22	0.02203
46.23	0.02019
46.24	0.01712
46.25	0.01293
46.26	0.00805
46.27	0.00301
46.28	-0.00176
46.29	-0.00592
46.3	-0.00941
46.31	-0.01239
46.32	-0.01516
46.33	-0.01792
46.34	-0.02047
46.35	-0.02241
46.36	-0.02353
46.37	-0.02394
46.38	-0.02402
46.39	-0.02416
46.4	-0.0246
46.41	-0.02534
46.42	-0.02625
46.43	-0.02704
46.44	-0.02733
46.45	-0.02684
46.46	-0.02563
46.47	-0.02398
46.48	-0.02224
46.49	-0.02073
46.5	-0.01966
46.51	-0.01904
46.52	-0.01869
46.53	-0.0184
46.54	-0.01791
46.55	-0.01668
46.56	-0.01423
46.57	-0.01047
46.58	-0.00543
46.59	0.0009
46.6	0.00812
46.61	0.01536
46.62	0.02185
46.63	0.02712
46.64	0.03099
46.65	0.03356
46.66	0.03489
46.67	0.03496
46.68	0.03393
46.69	0.03216
46.7	0.03009
46.71	0.028
46.72	0.02601
46.73	0.02411
46.74	0.02221
46.75	0.02023
46.76	0.01819
46.77	0.01614
46.78	0.01433
46.79	0.01311
46.8	0.01296
46.81	0.01423
46.82	0.01679
46.83	0.02015
46.84	0.02375
46.85	0.0272
46.86	0.0303
46.87	0.03281
46.88	0.03456
46.89	0.0351
46.9	0.03349
46.91	0.02913
46.92	0.02235
46.93	0.01417
46.94	0.00567
46.95	-0.00249
46.96	-0.01019
46.97	-0.01759
46.98	-0.02448
46.99	-0.03021
47	-0.03375
47.01	-0.03419
47.02	-0.03153
47.03	-0.02673
47.04	-0.02109
47.05	-0.01563
47.06	-0.01101
47.07	-0.00779
47.08	-0.00613
47.09	-0.00568
47.1	-0.00581
47.11	-0.00598
47.12	-0.00591
47.13	-0.00536
47.14	-0.004
47.15	-0.0017
47.16	0.00119
47.17	0.0039
47.18	0.00575
47.19	0.00651
47.2	0.00586
47.21	0.00294
47.22	-0.00275
47.23	-0.01084
47.24	-0.0203
47.25	-0.03003
47.26	-0.03897
47.27	-0.04595
47.28	-0.05042
47.29	-0.05264
47.3	-0.05297
47.31	-0.05172
47.32	-0.04929
47.33	-0.04614
47.34	-0.04271
47.35	-0.03925
47.36	-0.03583
47.37	-0.03244
47.38	-0.02903
47.39	-0.02585
47.4	-0.02332
47.41	-0.02168
47.42	-0.02083
47.43	-0.0204
47.44	-0.02002
47.45	-0.01944
47.46	-0.01838
47.47	-0.0166
47.48	-0.01411
47.49	-0.01113
47.5	-0.00804
47.51	-0.0054
47.52	-0.00366
47.53	-0.00287
47.54	-0.0027
47.55	-0.00259
47.56	-0.00181
47.57	0.00013
47.58	0.00316
47.59	0.00684
47.6	0.01064
47.61	0.01422
47.62	0.0175
47.63	0.02027
47.64	0.02233
47.65	0.02356
47.66	0.02348
47.67	0.02119
47.68	0.01625
47.69	0.0095
47.7	0.00304
47.71	-0.00125
47.72	-0.00286
47.73	-0.00257
47.74	-0.0017
47.75	-0.00123
47.76	-0.00152
47.77	-0.00237
47.78	-0.00352
47.79	-0.00476
47.8	-0.00601
47.81	-0.00727
47.82	-0.00858
47.83	-0.00984
47.84	-0.01055
47.85	-0.01019
47.86	-0.00853
47.87	-0.00557
47.88	-0.00148
47.89	0.00337
47.9	0.00856
47.91	0.0138
47.92	0.01894
47.93	0.0239
47.94	0.02838
47.95	0.03206
47.96	0.03459
47.97	0.03576
47.98	0.03578
47.99	0.03511
48	0.03426
48.01	0.03363
48.02	0.03353
48.03	0.03407
48.04	0.03506
48.05	0.03624
48.06	0.03739
48.07	0.03823
48.08	0.03843
48.09	0.03785
48.1	0.03663
48.11	0.03506
48.12	0.03349
48.13	0.0322
48.14	0.03141
48.15	0.03108
48.16	0.03102
48.17	0.03104
48.18	0.03097
48.19	0.03078
48.2	0.03019
48.21	0.02871
48.22	0.02604
48.23	0.02234
48.24	0.01812
48.25	0.01414
48.26	0.01119
48.27	0.01005
48.28	0.01125
48.29	0.01461
48.3	0.01933
48.31	0.02447
48.32	0.02928
48.33	0.03299
48.34	0.03486
48.35	0.03477
48.36	0.03322
48.37	0.0307
48.38	0.02708
48.39	0.022
48.4	0.01549
48.41	0.00797
48.42	0.00003
48.43	-0.00783
48.44	-0.01527
48.45	-0.02162
48.46	-0.02554
48.47	-0.02587
48.48	-0.02215
48.49	-0.01483
48.5	-0.00523
48.51	0.00479
48.52	0.01332
48.53	0.01946
48.54	0.02332
48.55	0.02524
48.56	0.02556
48.57	0.02473
48.58	0.02325
48.59	0.02153
48.6	0.02003
48.61	0.01951
48.62	0.0206
48.63	0.02332
48.64	0.02708
48.65	0.03118
48.66	0.03509
48.67	0.03849
48.68	0.04077
48.69	0.04137
48.7	0.04031
48.71	0.03814
48.72	0.03558
48.73	0.03327
48.74	0.03166
48.75	0.03092
48.76	0.03083
48.77	0.031
48.78	0.03106
48.79	0.03056
48.8	0.02919
48.81	0.02697
48.82	0.02422
48.83	0.02149
48.84	0.0196
48.85	0.01909
48.86	0.01994
48.87	0.0216
48.88	0.02341
48.89	0.02469
48.9	0.02501
48.91	0.02436
48.92	0.02265
48.93	0.0197
48.94	0.01551
48.95	0.01641
48.96	0.01152
48.97	0.00772
48.98	0.00565
48.99	0.00544
49	0.00666
49.01	0.00876
49.02	0.01174
49.03	0.01587
49.04	0.02109
49.05	0.02669
49.06	0.03182
49.07	0.03574
49.08	0.03792
49.09	0.03827
49.1	0.03706
49.11	0.03449
49.12	0.03075
49.13	0.02616
49.14	0.02138
49.15	0.01771
49.16	0.01639
49.17	0.0176
49.18	0.02056
49.19	0.02409
49.2	0.02708
49.21	0.02889
49.22	0.02957
49.23	0.02961
49.24	0.02961
49.25	0.02989
49.26	0.03042
49.27	0.03063
49.28	0.02969
49.29	0.02719
49.3	0.02339
49.31	0.01897
49.32	0.01477
49.33	0.01147
49.34	0.0092
49.35	0.00777
49.36	0.00727
49.37	0.0081
49.38	0.01041
49.39	0.01388
49.4	0.01793
49.41	0.02204
49.42	0.02598
49.43	0.02989
49.44	0.03413
49.45	0.03891
49.46	0.04414
49.47	0.04928
49.48	0.05351
49.49	0.05631
49.5	0.05711
49.51	0.05515
49.52	0.05027
49.53	0.04317
49.54	0.03506
49.55	0.02731
49.56	0.02117
49.57	0.01711
49.58	0.01467
49.59	0.01296
49.6	0.01115
49.61	0.0089
49.62	0.0063
49.63	0.00365
49.64	0.00119
49.65	-0.00077
49.66	-0.00161
49.67	-0.00083
49.68	0.00151
49.69	0.00464
49.7	0.00743
49.71	0.00909
49.72	0.00957
49.73	0.00934
49.74	0.00901
49.75	0.00905
49.76	0.00973
49.77	0.01104
49.78	0.01274
49.79	0.01437
49.8	0.01524
49.81	0.01488
49.82	0.01337
49.83	0.01121
49.84	0.009
49.85	0.0072
49.86	0.00615
49.87	0.00623
49.88	0.00763
49.89	0.01011
49.9	0.01317
49.91	0.01633
49.92	0.01912
49.93	0.02095
49.94	0.02138
49.95	0.02052
49.96	0.01884
49.97	0.01661
49.98	0.01383
49.99	0.01046
50	0.00658
50.01	0.00239
50.02	-0.00188
50.03	-0.00608
50.04	-0.01
50.05	-0.01298
50.06	-0.01441
50.07	-0.01423
50.08	-0.01294
50.09	-0.01125
50.1	-0.0097
50.11	-0.00847
50.12	-0.00747
50.13	-0.00648
50.14	-0.00536
50.15	-0.00409
50.16	-0.00285
50.17	-0.00204
50.18	-0.00199
50.19	-0.00267
50.2	-0.0036
50.21	-0.00377
50.22	-0.00235
50.23	0.00075
50.24	0.00494
50.25	0.00937
50.26	0.01338
50.27	0.01658
50.28	0.01858
50.29	0.01894
50.3	0.01741
50.31	0.01409
50.32	0.00952
50.33	0.00456
50.34	0.00034
50.35	-0.00234
50.36	-0.00348
50.37	-0.00368
50.38	-0.00369
50.39	-0.00392
50.4	-0.00395
50.41	-0.00265
50.42	0.00073
50.43	0.00601
50.44	0.01203
50.45	0.0173
50.46	0.02083
50.47	0.02228
50.48	0.02173
50.49	0.01952
50.5	0.016
50.51	0.01156
50.52	0.00658
50.53	0.00142
50.54	-0.00371
50.55	-0.00852
50.56	-0.01269
50.57	-0.01614
50.58	-0.01903
50.59	-0.02165
50.6	-0.02423
50.61	-0.0269
50.62	-0.02963
50.63	-0.03228
50.64	-0.03455
50.65	-0.03613
50.66	-0.03699
50.67	-0.03734
50.68	-0.0375
50.69	-0.03772
50.7	-0.03808
50.71	-0.03854
50.72	-0.03898
50.73	-0.03935
50.74	-0.03963
50.75	-0.03979
50.76	-0.03953
50.77	-0.03844
50.78	-0.03638
50.79	-0.03359
50.8	-0.03049
50.81	-0.02748
50.82	-0.02493
50.83	-0.02309
50.84	-0.02192
50.85	-0.02116
50.86	-0.02051
50.87	-0.01979
50.88	-0.01894
50.89	-0.01804
50.9	-0.01716
50.91	-0.01638
50.92	-0.01567
50.93	-0.015
50.94	-0.01433
50.95	-0.01363
50.96	-0.01292
50.97	-0.0122
50.98	-0.0115
50.99	-0.01082
51	-0.01016
51.01	-0.00952
51.02	-0.00891
51.03	-0.00854
51.04	-0.00873
51.05	-0.00964
51.06	-0.01114
51.07	-0.01285
51.08	-0.01433
51.09	-0.01532
51.1	-0.01584
51.11	-0.0161
51.12	-0.01634
51.13	-0.0167
51.14	-0.01716
51.15	-0.01766
51.16	-0.01812
51.17	-0.01849
51.18	-0.0188
51.19	-0.0191
51.2	-0.01968
51.21	-0.02101
51.22	-0.02329
51.23	-0.02618
51.24	-0.02888
51.25	-0.03078
51.26	-0.03168
51.27	-0.03163
51.28	-0.03085
51.29	-0.02967
51.3	-0.02837
51.31	-0.02714
51.32	-0.02604
51.33	-0.02512
51.34	-0.02438
51.35	-0.02375
51.36	-0.02317
51.37	-0.02244
51.38	-0.02129
51.39	-0.01957
51.4	-0.01735
51.41	-0.01487
51.42	-0.0124
51.43	-0.01003
51.44	-0.00769
51.45	-0.00525
51.46	-0.00265
51.47	0.00009
51.48	0.00284
51.49	0.00529
51.5	0.00697
51.51	0.00761
51.52	0.00735
51.53	0.00661
51.54	0.00581
51.55	0.00518
51.56	0.00463
51.57	0.00382
51.58	0.00249
51.59	0.00067
51.6	-0.00125
51.61	-0.0028
51.62	-0.00379
51.63	-0.00429
51.64	-0.00456
51.65	-0.00485
51.66	-0.00518
51.67	-0.00519
51.68	-0.0045
51.69	-0.00304
51.7	-0.00105
51.71	0.00102
51.72	0.00249
51.73	0.00289
51.74	0.00222
51.75	0.0009
51.76	-0.00057
51.77	-0.00184
51.78	-0.00284
51.79	-0.00369
51.8	-0.00454
51.81	-0.00563
51.82	-0.00707
51.83	-0.00884
51.84	-0.0108
51.85	-0.01275
51.86	-0.01457
51.87	-0.01625
51.88	-0.01759
51.89	-0.01807
51.9	-0.01728
51.91	-0.01528
51.92	-0.01256
51.93	-0.00968
51.94	-0.00703
51.95	-0.00472
51.96	-0.00283
51.97	-0.00142
51.98	-0.00046
51.99	0.00016
52	0.00062
52.01	0.00105
52.02	0.00144
52.03	0.00164
52.04	0.0015
52.05	0.00102
52.06	0.00032
52.07	-0.00044
52.08	-0.00112
52.09	-0.00158
52.1	-0.00168
52.11	-0.0014
52.12	-0.00086
52.13	-0.00023
52.14	0.00036
52.15	0.00086
52.16	0.00124
52.17	0.00141
52.18	0.00127
52.19	0.00084
52.2	0.00024
52.21	-0.0004
52.22	-0.001
52.23	-0.00152
52.24	-0.00197
52.25	-0.00236
52.26	-0.00272
52.27	-0.00307
52.28	-0.00341
52.29	-0.00378
52.3	-0.00423
52.31	-0.00474
52.32	-0.00528
52.33	-0.00582
52.34	-0.00631
52.35	-0.00667
52.36	-0.00681
52.37	-0.0067
52.38	-0.00639
52.39	-0.00601
52.4	-0.00564
52.41	-0.00532
52.42	-0.00509
52.43	-0.00494
52.44	-0.00488
52.45	-0.00487
52.46	-0.00488
52.47	-0.0049
52.48	-0.00496
52.49	-0.00509
52.5	-0.00527
52.51	-0.00547
52.52	-0.00562
52.53	-0.00556
52.54	-0.00521
52.55	-0.00459
52.56	-0.00384
52.57	-0.00309
52.58	-0.00245
52.59	-0.00198
52.6	-0.00167
52.61	-0.00149
52.62	-0.00145
52.63	-0.00152
52.64	-0.00168
52.65	-0.00188
52.66	-0.00208
52.67	-0.00226
52.68	-0.00241
52.69	-0.00255
52.7	-0.00268
52.71	-0.00278
52.72	-0.0028
52.73	-0.00268
52.74	-0.00244
52.75	-0.00214
52.76	-0.00185
52.77	-0.00162
52.78	-0.00149
52.79	-0.00143
52.8	-0.00141
52.81	-0.00139
52.82	-0.00135
52.83	-0.0013
52.84	-0.00125
52.85	-0.00121
52.86	-0.00119
52.87	-0.00121
52.88	-0.00127
52.89	-0.00138
52.9	-0.0015
52.91	-0.00162
52.92	-0.00173
52.93	-0.00181
52.94	-0.00189
52.95	-0.00199
52.96	-0.0021
52.97	-0.00221
52.98	-0.00232
52.99	-0.00241
53	-0.00247
53.01	-0.00252
53.02	-0.00256
53.03	-0.00259
53.04	-0.00261
53.05	-0.0026
53.06	-0.00257
53.07	-0.00251
53.08	-0.00243
53.09	-0.00234
53.1	-0.00225
53.11	-0.00216
53.12	-0.00208
53.13	-0.002
53.14	-0.0019
53.15	-0.00178
53.16	-0.00164
53.17	-0.00149
53.18	-0.00133
53.19	-0.00119
53.2	-0.00106
53.21	-0.00094
53.22	-0.00083
53.23	-0.00073
53.24	-0.00064
53.25	-0.00057
53.26	-0.00051
53.27	-0.00046
53.28	-0.00041
53.29	-0.00035
53.3	-0.0003
53.31	-0.00024
53.32	-0.00018
53.33	-0.00012
53.34	-0.00007
53.35	-0.00001
53.36	0.00005
53.37	0.00012
53.38	0.00019
53.39	0.00027
53.4	0.00034
53.41	0.00041
53.42	0.00047
53.43	0.00052
53.44	0.00056
53.45	0.00061
53.46	0.00066
53.47	0.00071
53.48	0.00076
53.49	0.00082
53.5	0.00087
53.51	0.00093
53.52	0.00098
53.53	0.00102
53.54	0.00106
53.55	0.00109
53.56	0.00112
53.57	0.00115
53.58	0.00118
53.59	0.00122
53.6	0.00125
53.61	0.00129
53.62	0.00133
53.63	0.00137
53.64	0.0014
53.65	0.00144
53.66	0.00147
53.67	0.0015
53.68	0.00154
53.69	0.00157
53.7	0.0016
53.71	0.00163
53.72	0.00166
53.73	0.00169
53.74	0.00171
53.75	0.00174
53.76	0.00177
53.77	0.0018
53.78	0.00183
53.79	0.00185
53.8	0.00188
53.81	0.00191
53.82	0.00194
53.83	0.00196
53.84	0.00199
53.85	0.00201
53.86	0.00204
53.87	0.00206
53.88	0.00208
53.89	0.00211
53.9	0.00213
53.91	0.00215
53.92	0.00217
53.93	0.0022
53.94	0.00222
53.95	0.00224
53.96	0.00226
53.97	0.00228
53.98	0.0023
53.99	0.00232
54	0.00234
54.01	0.00236
54.02	0.00238
54.03	0.0024
54.04	0.00242
54.05	0.00244
54.06	0.00246
54.07	0.00247
54.08	0.00249
54.09	0.00251
54.1	0.00252
54.11	0.00254
54.12	0.00256
54.13	0.00257
54.14	0.00259
54.15	0.0026
54.16	0.00262
54.17	0.00263
54.18	0.00265
54.19	0.00266
54.2	0.00268
54.21	0.00269
54.22	0.0027
54.23	0.00272
54.24	0.00273
54.25	0.00274
54.26	0.00275
54.27	0.00277
54.28	0.00278
54.29	0.00279
54.3	0.0028
54.31	0.00281
54.32	0.00282
54.33	0.00283
54.34	0.00284
54.35	0.00285
