0	0
0.005	-0.00051
0.01	-0.00051
0.015	-0.00051
0.02	-0.00051
0.025	-0.00051
0.03	-0.00051
0.035	-0.00051
0.04	-0.00051
0.045	-0.00051
0.05	-0.0005
0.055	-0.0005
0.06	-0.00051
0.065	-0.00053
0.07	-0.00053
0.075	-0.00052
0.08	-0.00051
0.085	-0.00049
0.09	-0.00048
0.095	-0.00047
0.1	-0.00047
0.105	-0.00047
0.11	-0.00047
0.115	-0.00046
0.12	-0.00046
0.125	-0.00045
0.13	-0.00045
0.135	-0.00045
0.14	-0.00044
0.145	-0.00044
0.15	-0.00043
0.155	-0.00043
0.16	-0.00043
0.165	-0.00043
0.17	-0.00042
0.175	-0.00041
0.18	-0.00039
0.185	-0.00038
0.19	-0.0004
0.195	-0.00046
0.2	-0.00057
0.205	-0.00066
0.21	-0.00068
0.215	-0.00063
0.22	-0.00055
0.225	-0.00043
0.23	-0.00035
0.235	-0.00034
0.24	-0.00037
0.245	-0.00036
0.25	-0.00033
0.255	-0.0003
0.26	-0.00028
0.265	-0.0003
0.27	-0.00041
0.275	-0.0006
0.28	-0.0008
0.285	-0.00095
0.29	-0.00109
0.295	-0.00112
0.3	-0.00098
0.305	-0.00081
0.31	-0.00074
0.315	-0.00062
0.32	-0.00039
0.325	-0.00025
0.33	-0.0004
0.335	-0.00071
0.34	-0.00089
0.345	-0.00087
0.35	-0.00086
0.355	-0.00101
0.36	-0.00125
0.365	-0.00139
0.37	-0.0014
0.375	-0.00132
0.38	-0.00104
0.385	-0.00055
0.39	-0.00012
0.395	-0.00006
0.4	-0.00019
0.405	-0.00022
0.41	-0.00013
0.415	0.00003
0.42	0.00024
0.425	0.00038
0.43	0.00026
0.435	-0.00001
0.44	-0.0001
0.445	-0.00001
0.45	0.00005
0.455	0.00005
0.46	0.00003
0.465	0.00003
0.47	0.00003
0.475	0.00004
0.48	0.00007
0.485	0.00012
0.49	0.00015
0.495	0.00007
0.5	-0.00022
0.505	-0.00074
0.51	-0.00127
0.515	-0.00173
0.52	-0.00229
0.525	-0.00275
0.53	-0.00273
0.535	-0.00226
0.54	-0.00162
0.545	-0.0012
0.55	-0.00124
0.555	-0.00157
0.56	-0.00203
0.565	-0.00251
0.57	-0.00258
0.575	-0.00207
0.58	-0.00153
0.585	-0.00119
0.59	-0.00043
0.595	0.00095
0.6	0.00204
0.605	0.00215
0.61	0.00191
0.615	0.00195
0.62	0.0022
0.625	0.00237
0.63	0.0023
0.635	0.00188
0.64	0.00111
0.645	0.00031
0.65	-0.00036
0.655	-0.00106
0.66	-0.00143
0.665	-0.00093
0.67	0.00004
0.675	0.00062
0.68	0.00047
0.685	0.00015
0.69	0.00025
0.695	0.00094
0.7	0.00218
0.705	0.00356
0.71	0.0046
0.715	0.00501
0.72	0.00457
0.725	0.00353
0.73	0.00235
0.735	0.00103
0.74	-0.00072
0.745	-0.00269
0.75	-0.004
0.755	-0.00419
0.76	-0.00409
0.765	-0.00428
0.77	-0.0044
0.775	-0.00377
0.78	-0.00217
0.785	-0.00017
0.79	0.00157
0.795	0.00321
0.8	0.00491
0.805	0.00594
0.81	0.00609
0.815	0.00587
0.82	0.00535
0.825	0.00423
0.83	0.00276
0.835	0.00139
0.84	0.00033
0.845	-0.0002
0.85	-0.00017
0.855	-0.00002
0.86	-0.00002
0.865	0.00084
0.87	0.00269
0.875	0.0039
0.88	0.00393
0.885	0.00369
0.89	0.00356
0.895	0.00305
0.9	0.00188
0.905	0.0006
0.91	-0.0003
0.915	-0.00096
0.92	-0.00086
0.925	0.00027
0.93	0.00101
0.935	0.00021
0.94	-0.00141
0.945	-0.00238
0.95	-0.00234
0.955	-0.00214
0.96	-0.00225
0.965	-0.00223
0.97	-0.0014
0.975	0.00056
0.98	0.00306
0.985	0.00536
0.99	0.00766
0.995	0.00987
1	0.01059
1.005	0.00899
1.01	0.00587
1.015	0.00292
1.02	0.00081
1.025	-0.00087
1.03	-0.00183
1.035	-0.00194
1.04	-0.00192
1.045	-0.00211
1.05	-0.00229
1.055	-0.00224
1.06	-0.0021
1.065	-0.00226
1.07	-0.00316
1.075	-0.0049
1.08	-0.00683
1.085	-0.00827
1.09	-0.00895
1.095	-0.00894
1.1	-0.00885
1.105	-0.00909
1.11	-0.00951
1.115	-0.00968
1.12	-0.0091
1.125	-0.00734
1.13	-0.00465
1.135	-0.00247
1.14	-0.00134
1.145	0.0003
1.15	0.00297
1.155	0.00561
1.16	0.00801
1.165	0.01025
1.17	0.01143
1.175	0.01135
1.18	0.01093
1.185	0.01087
1.19	0.01135
1.195	0.01275
1.2	0.01522
1.205	0.01776
1.21	0.0188
1.215	0.01802
1.22	0.01607
1.225	0.01321
1.23	0.00896
1.235	0.00357
1.24	-0.00147
1.245	-0.00458
1.25	-0.00507
1.255	-0.00383
1.26	-0.00243
1.265	-0.00211
1.27	-0.00309
1.275	-0.00438
1.28	-0.00492
1.285	-0.00488
1.29	-0.00456
1.295	-0.00353
1.3	-0.00246
1.305	-0.002
1.31	-0.00136
1.315	-0.00008
1.32	0.00089
1.325	0.00087
1.33	0.00077
1.335	0.00168
1.34	0.00371
1.345	0.00599
1.35	0.00758
1.355	0.0078
1.36	0.00615
1.365	0.00325
1.37	0.0007
1.375	-0.00111
1.38	-0.00333
1.385	-0.00533
1.39	-0.00583
1.395	-0.00554
1.4	-0.00531
1.405	-0.00481
1.41	-0.00367
1.415	-0.00241
1.42	-0.0013
1.425	0.00023
1.43	0.00183
1.435	0.00252
1.44	0.00201
1.445	0.00118
1.45	0.00101
1.455	0.00096
1.46	0.00016
1.465	-0.00109
1.47	-0.00146
1.475	-0.00034
1.48	0.00116
1.485	0.00254
1.49	0.0047
1.495	0.00728
1.5	0.00841
1.505	0.00726
1.51	0.00443
1.515	0.00086
1.52	-0.00257
1.525	-0.00525
1.53	-0.00658
1.535	-0.0061
1.54	-0.00354
1.545	0.00013
1.55	0.00314
1.555	0.00452
1.56	0.00431
1.565	0.00373
1.57	0.00366
1.575	0.0043
1.58	0.00592
1.585	0.0086
1.59	0.01119
1.595	0.01175
1.6	0.00974
1.605	0.0063
1.61	0.00315
1.615	0.00094
1.62	-0.00082
1.625	-0.00183
1.63	-0.00191
1.635	-0.0018
1.64	-0.0019
1.645	-0.00212
1.65	-0.00246
1.655	-0.0032
1.66	-0.00442
1.665	-0.00567
1.67	-0.00695
1.675	-0.00904
1.68	-0.01147
1.685	-0.01279
1.69	-0.01287
1.695	-0.01267
1.7	-0.01224
1.705	-0.01081
1.71	-0.00823
1.715	-0.00581
1.72	-0.00401
1.725	-0.00146
1.73	0.00178
1.735	0.00469
1.74	0.00714
1.745	0.00874
1.75	0.00914
1.755	0.00854
1.76	0.00803
1.765	0.00884
1.77	0.0106
1.775	0.01188
1.78	0.01215
1.785	0.01204
1.79	0.01162
1.795	0.00995
1.8	0.00653
1.805	0.00257
1.81	-0.00057
1.815	-0.00241
1.82	-0.003
1.825	-0.00335
1.83	-0.00503
1.835	-0.00853
1.84	-0.01238
1.845	-0.01537
1.85	-0.01728
1.855	-0.01714
1.86	-0.01453
1.865	-0.01209
1.87	-0.01184
1.875	-0.01261
1.88	-0.01346
1.885	-0.01505
1.89	-0.01766
1.895	-0.0197
1.9	-0.02001
1.905	-0.01963
1.91	-0.01918
1.915	-0.01782
1.92	-0.0149
1.925	-0.01139
1.93	-0.00798
1.935	-0.00414
1.94	0.00064
1.945	0.00582
1.95	0.00975
1.955	0.01229
1.96	0.0142
1.965	0.01595
1.97	0.01834
1.975	0.0208
1.98	0.02154
1.985	0.02038
1.99	0.0188
1.995	0.01728
2	0.01577
2.005	0.01445
2.01	0.01217
2.015	0.00853
2.02	0.00483
2.025	0.00238
2.03	0.00151
2.035	0.00166
2.04	0.00205
2.045	0.00252
2.05	0.00296
2.055	0.00266
2.06	0.00142
2.065	-0.00046
2.07	-0.00348
2.075	-0.00749
2.08	-0.01182
2.085	-0.01591
2.09	-0.01857
2.095	-0.01919
2.1	-0.01812
2.105	-0.01601
2.11	-0.01359
2.115	-0.01134
2.12	-0.00897
2.125	-0.00682
2.13	-0.00665
2.135	-0.00929
2.14	-0.01333
2.145	-0.01691
2.15	-0.01898
2.155	-0.01876
2.16	-0.01597
2.165	-0.01126
2.17	-0.00548
2.175	0.00057
2.18	0.00597
2.185	0.01053
2.19	0.01501
2.195	0.01882
2.2	0.02061
2.205	0.02064
2.21	0.01976
2.215	0.01882
2.22	0.0175
2.225	0.01444
2.23	0.00988
2.235	0.00614
2.24	0.00438
2.245	0.00321
2.25	0.00172
2.255	0.00167
2.26	0.0037
2.265	0.0055
2.27	0.00598
2.275	0.00607
2.28	0.00581
2.285	0.00497
2.29	0.00371
2.295	0.00151
2.3	-0.00163
2.305	-0.00469
2.31	-0.00705
2.315	-0.00888
2.32	-0.0095
2.325	-0.00751
2.33	-0.0037
2.335	0.0001
2.34	0.00335
2.345	0.00601
2.35	0.00761
2.355	0.0078
2.36	0.00762
2.365	0.00792
2.37	0.00852
2.375	0.00885
2.38	0.00835
2.385	0.00652
2.39	0.00345
2.395	0.00051
2.4	-0.00136
2.405	-0.00282
2.41	-0.00427
2.415	-0.0052
2.42	-0.00519
2.425	-0.00493
2.43	-0.00529
2.435	-0.00674
2.44	-0.00922
2.445	-0.01164
2.45	-0.01266
2.455	-0.01241
2.46	-0.01211
2.465	-0.01225
2.47	-0.0125
2.475	-0.01263
2.48	-0.01264
2.485	-0.01262
2.49	-0.01259
2.495	-0.01257
2.5	-0.01256
2.505	-0.01258
2.51	-0.01263
2.515	-0.01268
2.52	-0.01262
2.525	-0.01235
2.53	-0.01183
2.535	-0.01121
2.54	-0.01069
2.545	-0.01012
2.55	-0.0089
2.555	-0.00637
2.56	-0.0024
2.565	0.00272
2.57	0.00843
2.575	0.01312
2.58	0.01482
2.585	0.01379
2.59	0.01218
2.595	0.01129
2.6	0.0106
2.605	0.00893
2.61	0.00663
2.615	0.00488
2.62	0.00327
2.625	0.00062
2.63	-0.00234
2.635	-0.00472
2.64	-0.00725
2.645	-0.01029
2.65	-0.01245
2.655	-0.01252
2.66	-0.01112
2.665	-0.009
2.67	-0.00659
2.675	-0.00434
2.68	-0.00198
2.685	0.00029
2.69	0.00101
2.695	-0.00057
2.7	-0.00346
2.705	-0.00599
2.71	-0.00791
2.715	-0.01034
2.72	-0.01227
2.725	-0.01173
2.73	-0.00899
2.735	-0.00528
2.74	-0.00114
2.745	0.00346
2.75	0.00805
2.755	0.01194
2.76	0.01494
2.765	0.0163
2.77	0.01505
2.775	0.01184
2.78	0.00843
2.785	0.00511
2.79	0.00093
2.795	-0.00449
2.8	-0.01
2.805	-0.01421
2.81	-0.01729
2.815	-0.01917
2.82	-0.01855
2.825	-0.01495
2.83	-0.00882
2.835	-0.00134
2.84	0.00617
2.845	0.01261
2.85	0.01772
2.855	0.02127
2.86	0.02204
2.865	0.01958
2.87	0.01589
2.875	0.01313
2.88	0.01054
2.885	0.00728
2.89	0.00403
2.895	0.00174
2.9	0.00068
2.905	0.00026
2.91	0.0008
2.915	0.00269
2.92	0.0052
2.925	0.00741
2.93	0.0085
2.935	0.00855
2.94	0.00811
2.945	0.00684
2.95	0.00394
2.955	-0.00029
2.96	-0.00555
2.965	-0.0117
2.97	-0.01722
2.975	-0.02091
2.98	-0.02349
2.985	-0.02544
2.99	-0.02629
2.995	-0.02632
3	-0.02549
3.005	-0.02296
3.01	-0.01861
3.015	-0.01356
3.02	-0.00921
3.025	-0.006
3.03	-0.00324
3.035	-0.00042
3.04	0.00265
3.045	0.00635
3.05	0.01024
3.055	0.01324
3.06	0.01464
3.065	0.01466
3.07	0.01506
3.075	0.01712
3.08	0.02033
3.085	0.02255
3.09	0.02273
3.095	0.02219
3.1	0.0219
3.105	0.02143
3.11	0.02024
3.115	0.01863
3.12	0.01667
3.125	0.01373
3.13	0.00956
3.135	0.0053
3.14	0.00266
3.145	0.00189
3.15	0.00194
3.155	0.00198
3.16	0.00216
3.165	0.00282
3.17	0.00335
3.175	0.00215
3.18	-0.00142
3.185	-0.00653
3.19	-0.01263
3.195	-0.01907
3.2	-0.02414
3.205	-0.02645
3.21	-0.02617
3.215	-0.02382
3.22	-0.01859
3.225	-0.01041
3.23	-0.00111
3.235	0.00805
3.24	0.01642
3.245	0.02236
3.25	0.02459
3.255	0.0226
3.26	0.0162
3.265	0.00705
3.27	-0.00247
3.275	-0.01095
3.28	-0.01679
3.285	-0.01875
3.29	-0.01722
3.295	-0.01293
3.3	-0.00621
3.305	0.00154
3.31	0.00871
3.315	0.01501
3.32	0.01982
3.325	0.02178
3.33	0.02075
3.335	0.01815
3.34	0.01532
3.345	0.01308
3.35	0.01158
3.355	0.01031
3.36	0.00918
3.365	0.00865
3.37	0.00884
3.375	0.01
3.38	0.01237
3.385	0.01506
3.39	0.01644
3.395	0.01594
3.4	0.01375
3.405	0.00974
3.41	0.00459
3.415	-0.00055
3.42	-0.00536
3.425	-0.01001
3.43	-0.01452
3.435	-0.01888
3.44	-0.02336
3.445	-0.02754
3.45	-0.03083
3.455	-0.0325
3.46	-0.03175
3.465	-0.02899
3.47	-0.02524
3.475	-0.02112
3.48	-0.01663
3.485	-0.01102
3.49	-0.00449
3.495	0.00147
3.5	0.00588
3.505	0.00831
3.51	0.00988
3.515	0.01248
3.52	0.01584
3.525	0.0193
3.53	0.02368
3.535	0.02899
3.54	0.03356
3.545	0.03603
3.55	0.03635
3.555	0.03513
3.56	0.03309
3.565	0.03104
3.57	0.02942
3.575	0.02718
3.58	0.02295
3.585	0.01668
3.59	0.00919
3.595	0.00118
3.6	-0.0071
3.605	-0.01482
3.61	-0.02104
3.615	-0.0257
3.62	-0.02906
3.625	-0.03081
3.63	-0.03015
3.635	-0.02748
3.64	-0.02411
3.645	-0.02022
3.65	-0.01657
3.655	-0.01528
3.66	-0.01707
3.665	-0.02003
3.67	-0.02154
3.675	-0.02086
3.68	-0.01829
3.685	-0.01346
3.69	-0.00673
3.695	0.00036
3.7	0.007
3.705	0.0129
3.71	0.01721
3.715	0.01888
3.72	0.01725
3.725	0.01272
3.73	0.00653
3.735	-0.00025
3.74	-0.00652
3.745	-0.01114
3.75	-0.01345
3.755	-0.01403
3.76	-0.0137
3.765	-0.0113
3.77	-0.00514
3.775	0.00376
3.78	0.0128
3.785	0.02056
3.79	0.02644
3.795	0.0297
3.8	0.02959
3.805	0.02612
3.81	0.02037
3.815	0.01395
3.82	0.00809
3.825	0.00301
3.83	-0.00161
3.835	-0.00522
3.84	-0.00667
3.845	-0.00603
3.85	-0.00395
3.855	-0.00087
3.86	0.0017
3.865	0.00218
3.87	0.00058
3.875	-0.00206
3.88	-0.00458
3.885	-0.00713
3.89	-0.00992
3.895	-0.01255
3.9	-0.01459
3.905	-0.01475
3.91	-0.01222
3.915	-0.00785
3.92	-0.00282
3.925	0.00209
3.93	0.00529
3.935	0.00516
3.94	0.00218
3.945	-0.00133
3.95	-0.00316
3.955	-0.00225
3.96	0.00122
3.965	0.00596
3.97	0.01055
3.975	0.01404
3.98	0.0165
3.985	0.01901
3.99	0.02133
3.995	0.0213
4	0.0183
4.005	0.0145
4.01	0.01137
4.015	0.00852
4.02	0.00555
4.025	0.00276
4.03	0.00055
4.035	-0.00126
4.04	-0.0027
4.045	-0.00462
4.05	-0.00833
4.055	-0.01308
4.06	-0.0172
4.065	-0.02039
4.07	-0.02253
4.075	-0.02264
4.08	-0.02025
4.085	-0.01632
4.09	-0.01197
4.095	-0.00772
4.1	-0.00455
4.105	-0.00322
4.11	-0.00293
4.115	-0.00284
4.12	-0.00346
4.125	-0.00443
4.13	-0.00372
4.135	-0.00008
4.14	0.00605
4.145	0.01308
4.15	0.01941
4.155	0.0241
4.16	0.02667
4.165	0.0275
4.17	0.02699
4.175	0.02495
4.18	0.02221
4.185	0.01992
4.19	0.01776
4.195	0.01504
4.2	0.01181
4.205	0.0075
4.21	0.00162
4.215	-0.00561
4.22	-0.01382
4.225	-0.02202
4.23	-0.02947
4.235	-0.0352
4.24	-0.03756
4.245	-0.03708
4.25	-0.0358
4.255	-0.03446
4.26	-0.03205
4.265	-0.02764
4.27	-0.02193
4.275	-0.01567
4.28	-0.00922
4.285	-0.00375
4.29	-0.00047
4.295	0.00118
4.3	0.00312
4.305	0.00629
4.31	0.00985
4.315	0.01208
4.32	0.01212
4.325	0.01097
4.33	0.00952
4.335	0.00806
4.34	0.0066
4.345	0.00506
4.35	0.0037
4.355	0.00303
4.36	0.00344
4.365	0.00458
4.37	0.00592
4.375	0.00689
4.38	0.00765
4.385	0.00943
4.39	0.01263
4.395	0.01574
4.4	0.01783
4.405	0.01996
4.41	0.02289
4.415	0.02553
4.42	0.02554
4.425	0.02185
4.43	0.01576
4.435	0.0095
4.44	0.00439
4.445	0.00015
4.45	-0.00329
4.455	-0.00413
4.46	-0.00149
4.465	0.00235
4.47	0.00549
4.475	0.00761
4.48	0.0081
4.485	0.0069
4.49	0.00409
4.495	-0.001
4.5	-0.00829
4.505	-0.01693
4.51	-0.027
4.515	-0.03758
4.52	-0.04661
4.525	-0.05334
4.53	-0.05833
4.535	-0.06221
4.54	-0.06426
4.545	-0.06359
4.55	-0.06067
4.555	-0.0564
4.56	-0.05145
4.565	-0.04634
4.57	-0.04115
4.575	-0.03556
4.58	-0.02949
4.585	-0.02345
4.59	-0.01861
4.595	-0.0164
4.6	-0.01714
4.605	-0.01938
4.61	-0.02124
4.615	-0.02241
4.62	-0.02364
4.625	-0.0242
4.63	-0.02273
4.635	-0.01918
4.64	-0.01352
4.645	-0.00578
4.65	0.0026
4.655	0.00983
4.66	0.01435
4.665	0.01506
4.67	0.01199
4.675	0.00643
4.68	-0.00031
4.685	-0.00764
4.69	-0.01491
4.695	-0.02121
4.7	-0.02547
4.705	-0.02688
4.71	-0.02521
4.715	-0.02124
4.72	-0.01629
4.725	-0.01097
4.73	-0.00588
4.735	-0.00174
4.74	0.00128
4.745	0.00319
4.75	0.00457
4.755	0.00663
4.76	0.01006
4.765	0.01443
4.77	0.01942
4.775	0.02597
4.78	0.03525
4.785	0.04755
4.79	0.0617
4.795	0.07586
4.8	0.08897
4.805	0.10035
4.81	0.10919
4.815	0.11543
4.82	0.11935
4.825	0.12116
4.83	0.12167
4.835	0.12155
4.84	0.12132
4.845	0.12113
4.85	0.12032
4.855	0.11881
4.86	0.11753
4.865	0.11673
4.87	0.116
4.875	0.11605
4.88	0.11722
4.885	0.11846
4.89	0.11852
4.895	0.11739
4.9	0.11539
4.905	0.11241
4.91	0.10898
4.915	0.10586
4.92	0.10361
4.925	0.10233
4.93	0.10113
4.935	0.0987
4.94	0.09489
4.945	0.09029
4.95	0.0857
4.955	0.08169
4.96	0.07739
4.965	0.07177
4.97	0.06524
4.975	0.05875
4.98	0.05224
4.985	0.04494
4.99	0.03669
4.995	0.02758
5	0.01701
5.005	0.00481
5.01	-0.00775
5.015	-0.01946
5.02	-0.03026
5.025	-0.03927
5.03	-0.04398
5.035	-0.04363
5.04	-0.04031
5.045	-0.03654
5.05	-0.03326
5.055	-0.03005
5.06	-0.02705
5.065	-0.02543
5.07	-0.02565
5.075	-0.02678
5.08	-0.02724
5.085	-0.02685
5.09	-0.02616
5.095	-0.02535
5.1	-0.02467
5.105	-0.02408
5.11	-0.02293
5.115	-0.02086
5.12	-0.01869
5.125	-0.01795
5.13	-0.01938
5.135	-0.02357
5.14	-0.0312
5.145	-0.04233
5.15	-0.05681
5.155	-0.07395
5.16	-0.09237
5.165	-0.11026
5.17	-0.12597
5.175	-0.13869
5.18	-0.14778
5.185	-0.15322
5.19	-0.15567
5.195	-0.15521
5.2	-0.1513
5.205	-0.14261
5.21	-0.12872
5.215	-0.11182
5.22	-0.09336
5.225	-0.07195
5.23	-0.04598
5.235	-0.0175
5.24	0.00912
5.245	0.03289
5.25	0.05363
5.255	0.07056
5.26	0.08412
5.265	0.09291
5.27	0.09297
5.275	0.08216
5.28	0.06328
5.285	0.0393
5.29	0.00986
5.295	-0.02367
5.3	-0.05644
5.305	-0.08699
5.31	-0.11587
5.315	-0.14317
5.32	-0.17017
5.325	-0.19579
5.33	-0.21714
5.335	-0.23153
5.34	-0.23885
5.345	-0.24154
5.35	-0.24054
5.355	-0.23512
5.36	-0.2256
5.365	-0.21367
5.37	-0.20052
5.375	-0.18636
5.38	-0.17205
5.385	-0.16092
5.39	-0.15658
5.395	-0.16054
5.4	-0.1733
5.405	-0.19398
5.41	-0.22101
5.415	-0.25321
5.42	-0.28843
5.425	-0.32333
5.43	-0.35424
5.435	-0.37692
5.44	-0.38673
5.445	-0.38317
5.45	-0.36914
5.455	-0.34602
5.46	-0.31406
5.465	-0.27451
5.47	-0.23026
5.475	-0.18433
5.48	-0.13963
5.485	-0.09919
5.49	-0.06413
5.495	-0.03361
5.5	-0.00458
5.505	0.0282
5.51	0.06772
5.515	0.11209
5.52	0.15245
5.525	0.18062
5.53	0.19645
5.535	0.2029
5.54	0.20679
5.545	0.21421
5.55	0.2259
5.555	0.24077
5.56	0.25831
5.565	0.28011
5.57	0.30658
5.575	0.33369
5.58	0.3543
5.585	0.36087
5.59	0.34653
5.595	0.30862
5.6	0.24946
5.605	0.17839
5.61	0.10905
5.615	0.04807
5.62	-0.00044
5.625	-0.03501
5.63	-0.05797
5.635	-0.06503
5.64	-0.04949
5.645	-0.01206
5.65	0.03985
5.655	0.09402
5.66	0.1399
5.665	0.17463
5.67	0.19712
5.675	0.20779
5.68	0.20788
5.685	0.2
5.69	0.18872
5.695	0.17664
5.7	0.16686
5.705	0.16359
5.71	0.16976
5.715	0.18694
5.72	0.21523
5.725	0.251
5.73	0.28626
5.735	0.31152
5.74	0.3214
5.745	0.31607
5.75	0.29887
5.755	0.27355
5.76	0.23948
5.765	0.19706
5.77	0.1478
5.775	0.09097
5.78	0.03075
5.785	-0.02296
5.79	-0.05915
5.795	-0.07118
5.8	-0.06212
5.805	-0.04225
5.81	-0.0211
5.815	-0.00576
5.82	0.00212
5.825	0.00486
5.83	0.00513
5.835	0.00566
5.84	0.00612
5.845	0.00632
5.85	0.00725
5.855	0.00925
5.86	0.01269
5.865	0.01869
5.87	0.02877
5.875	0.04469
5.88	0.06586
5.885	0.08925
5.89	0.11171
5.895	0.13049
5.9	0.14349
5.905	0.14791
5.91	0.14314
5.915	0.1308
5.92	0.11296
5.925	0.09219
5.93	0.07017
5.935	0.04749
5.94	0.02411
5.945	-0.00083
5.95	-0.02718
5.955	-0.05255
5.96	-0.07476
5.965	-0.09353
5.97	-0.10917
5.975	-0.12037
5.98	-0.12415
5.985	-0.11901
5.99	-0.10591
5.995	-0.08642
6	-0.06277
6.005	-0.03861
6.01	-0.01921
6.015	-0.00931
6.02	-0.01118
6.025	-0.02478
6.03	-0.04924
6.035	-0.08414
6.04	-0.12866
6.045	-0.17913
6.05	-0.22872
6.055	-0.27163
6.06	-0.30524
6.065	-0.32836
6.07	-0.33976
6.075	-0.3376
6.08	-0.32212
6.085	-0.29736
6.09	-0.26724
6.095	-0.23304
6.1	-0.19488
6.105	-0.15412
6.11	-0.11228
6.115	-0.06867
6.12	-0.02289
6.125	0.02245
6.13	0.06384
6.135	0.09887
6.14	0.12611
6.145	0.14438
6.15	0.15273
6.155	0.15013
6.16	0.13642
6.165	0.11375
6.17	0.08512
6.175	0.05197
6.18	0.01516
6.185	-0.0233
6.19	-0.06074
6.195	-0.09405
6.2	-0.12032
6.205	-0.13796
6.21	-0.14615
6.215	-0.14477
6.22	-0.13597
6.225	-0.12384
6.23	-0.11242
6.235	-0.10422
6.24	-0.10063
6.245	-0.10161
6.25	-0.10485
6.255	-0.1091
6.26	-0.11445
6.265	-0.12064
6.27	-0.12764
6.275	-0.13498
6.28	-0.14192
6.285	-0.14866
6.29	-0.15577
6.295	-0.16289
6.3	-0.16818
6.305	-0.16937
6.31	-0.16614
6.315	-0.15943
6.32	-0.14958
6.325	-0.13614
6.33	-0.11861
6.335	-0.09765
6.34	-0.07492
6.345	-0.05109
6.35	-0.02604
6.355	-0.00155
6.36	0.02031
6.365	0.03918
6.37	0.0554
6.375	0.06934
6.38	0.081
6.385	0.09066
6.39	0.09906
6.395	0.10731
6.4	0.11591
6.405	0.12375
6.41	0.13011
6.415	0.13533
6.42	0.13939
6.425	0.14187
6.43	0.142
6.435	0.13816
6.44	0.13032
6.445	0.1206
6.45	0.11103
6.455	0.10323
6.46	0.0977
6.465	0.09428
6.47	0.09321
6.475	0.09413
6.48	0.09664
6.485	0.10056
6.49	0.10533
6.495	0.11145
6.5	0.1205
6.505	0.13332
6.51	0.14894
6.515	0.16564
6.52	0.18237
6.525	0.19868
6.53	0.2133
6.535	0.22377
6.54	0.22798
6.545	0.22588
6.55	0.21902
6.555	0.20923
6.56	0.19764
6.565	0.18514
6.57	0.17248
6.575	0.15874
6.58	0.14299
6.585	0.12685
6.59	0.11285
6.595	0.10199
6.6	0.09448
6.605	0.08986
6.61	0.08622
6.615	0.08173
6.62	0.0755
6.625	0.06698
6.63	0.05626
6.635	0.04362
6.64	0.02844
6.645	0.01009
6.65	-0.01113
6.655	-0.03389
6.66	-0.05613
6.665	-0.07593
6.67	-0.09245
6.675	-0.10525
6.68	-0.11365
6.685	-0.11779
6.69	-0.11822
6.695	-0.11533
6.7	-0.11082
6.705	-0.10682
6.71	-0.10537
6.715	-0.10829
6.72	-0.11508
6.725	-0.12394
6.73	-0.13293
6.735	-0.13991
6.74	-0.14451
6.745	-0.14702
6.75	-0.14613
6.755	-0.14082
6.76	-0.13153
6.765	-0.11882
6.77	-0.1038
6.775	-0.08894
6.78	-0.07549
6.785	-0.06347
6.79	-0.05253
6.795	-0.04209
6.8	-0.03278
6.805	-0.02583
6.81	-0.02088
6.815	-0.01646
6.82	-0.0115
6.825	-0.00606
6.83	-0.00097
6.835	0.00387
6.84	0.00965
6.845	0.01646
6.85	0.0229
6.855	0.02784
6.86	0.03104
6.865	0.03301
6.87	0.03425
6.875	0.03444
6.88	0.03302
6.885	0.03066
6.89	0.02864
6.895	0.02719
6.9	0.02619
6.905	0.02686
6.91	0.02948
6.915	0.03179
6.92	0.0322
6.925	0.03119
6.93	0.02911
6.935	0.02557
6.94	0.01988
6.945	0.01233
6.95	0.00441
6.955	-0.00327
6.96	-0.01133
6.965	-0.01944
6.97	-0.02646
6.975	-0.03197
6.98	-0.03595
6.985	-0.03884
6.99	-0.04045
6.995	-0.04031
7	-0.0392
7.005	-0.03695
7.01	-0.03273
7.015	-0.0277
7.02	-0.02365
7.025	-0.02148
7.03	-0.02104
7.035	-0.02155
7.04	-0.02195
7.045	-0.0221
7.05	-0.02285
7.055	-0.02458
7.06	-0.02742
7.065	-0.03117
7.07	-0.03515
7.075	-0.03893
7.08	-0.04297
7.085	-0.04689
7.09	-0.04912
7.095	-0.04907
7.1	-0.0473
7.105	-0.04404
7.11	-0.03878
7.115	-0.03146
7.12	-0.02191
7.125	-0.00907
7.13	0.007
7.135	0.02456
7.14	0.04163
7.145	0.0569
7.15	0.07053
7.155	0.08348
7.16	0.09495
7.165	0.10288
7.17	0.10677
7.175	0.10816
7.18	0.10892
7.185	0.10972
7.19	0.1097
7.195	0.10838
7.2	0.10579
7.205	0.10199
7.21	0.09872
7.215	0.09764
7.22	0.0982
7.225	0.10041
7.23	0.10519
7.235	0.11212
7.24	0.12036
7.245	0.129
7.25	0.13586
7.255	0.13875
7.26	0.13698
7.265	0.13034
7.27	0.11821
7.275	0.10073
7.28	0.0794
7.285	0.05655
7.29	0.03482
7.295	0.016
7.3	0.00095
7.305	-0.01044
7.31	-0.01989
7.315	-0.02949
7.32	-0.0395
7.325	-0.04901
7.33	-0.05899
7.335	-0.07053
7.34	-0.08323
7.345	-0.09619
7.35	-0.10784
7.355	-0.11641
7.36	-0.12128
7.365	-0.12358
7.37	-0.12551
7.375	-0.12893
7.38	-0.13549
7.385	-0.14628
7.39	-0.16049
7.395	-0.17575
7.4	-0.19001
7.405	-0.20257
7.41	-0.213
7.415	-0.22056
7.42	-0.22542
7.425	-0.22822
7.43	-0.22921
7.435	-0.22818
7.44	-0.2243
7.445	-0.21705
7.45	-0.20655
7.455	-0.19244
7.46	-0.17504
7.465	-0.15599
7.47	-0.1368
7.475	-0.11898
7.48	-0.10371
7.485	-0.09138
7.49	-0.08225
7.495	-0.07661
7.5	-0.07388
7.505	-0.0717
7.51	-0.06757
7.515	-0.06116
7.52	-0.05232
7.525	-0.04041
7.53	-0.02691
7.535	-0.01325
7.54	0.00136
7.545	0.01722
7.55	0.03388
7.555	0.05083
7.56	0.06693
7.565	0.0819
7.57	0.095
7.575	0.10418
7.58	0.10913
7.585	0.11126
7.59	0.11172
7.595	0.11175
7.6	0.11229
7.605	0.11374
7.61	0.11695
7.615	0.1222
7.62	0.12798
7.625	0.13327
7.63	0.13885
7.635	0.14458
7.64	0.14965
7.645	0.15381
7.65	0.15691
7.655	0.15841
7.66	0.15786
7.665	0.15558
7.67	0.15111
7.675	0.14325
7.68	0.13252
7.685	0.12106
7.69	0.1104
7.695	0.10123
7.7	0.09425
7.705	0.09031
7.71	0.08978
7.715	0.09208
7.72	0.09587
7.725	0.09946
7.73	0.10202
7.735	0.10321
7.74	0.10262
7.745	0.09948
7.75	0.09275
7.755	0.08219
7.76	0.06853
7.765	0.05222
7.77	0.03411
7.775	0.01624
7.78	0.00047
7.785	-0.01216
7.79	-0.02179
7.795	-0.02912
7.8	-0.03413
7.805	-0.03687
7.81	-0.03873
7.815	-0.04127
7.82	-0.04457
7.825	-0.04818
7.83	-0.05183
7.835	-0.05547
7.84	-0.05885
7.845	-0.06083
7.85	-0.06065
7.855	-0.05818
7.86	-0.05314
7.865	-0.04522
7.87	-0.03507
7.875	-0.02399
7.88	-0.01356
7.885	-0.00549
7.89	-0.00118
7.895	-0.00122
7.9	-0.00427
7.905	-0.00888
7.91	-0.01495
7.915	-0.02249
7.92	-0.03157
7.925	-0.04164
7.93	-0.05139
7.935	-0.06082
7.94	-0.07051
7.945	-0.07904
7.95	-0.08502
7.955	-0.08868
7.96	-0.09088
7.965	-0.09225
7.97	-0.09184
7.975	-0.08791
7.98	-0.08041
7.985	-0.07094
7.99	-0.06107
7.995	-0.0519
8	-0.04393
8.005	-0.03671
8.01	-0.02957
8.015	-0.0226
8.02	-0.01621
8.025	-0.0112
8.03	-0.00824
8.035	-0.0066
8.04	-0.00506
8.045	-0.00337
8.05	-0.0014
8.055	0.00177
8.06	0.00645
8.065	0.01217
8.07	0.01991
8.075	0.03058
8.08	0.04292
8.085	0.05579
8.09	0.06867
8.095	0.08094
8.1	0.09273
8.105	0.10447
8.11	0.11593
8.115	0.12655
8.12	0.13601
8.125	0.14456
8.13	0.15207
8.135	0.15789
8.14	0.16194
8.145	0.16448
8.15	0.16521
8.155	0.16396
8.16	0.16129
8.165	0.15787
8.17	0.15468
8.175	0.15236
8.18	0.15013
8.185	0.14659
8.19	0.14132
8.195	0.1352
8.2	0.12886
8.205	0.12218
8.21	0.11497
8.215	0.10713
8.22	0.09861
8.225	0.08919
8.23	0.07877
8.235	0.06763
8.24	0.05664
8.245	0.04589
8.25	0.03396
8.255	0.01965
8.26	0.00351
8.265	-0.01273
8.27	-0.02754
8.275	-0.04101
8.28	-0.05412
8.285	-0.067
8.29	-0.07927
8.295	-0.09014
8.3	-0.09896
8.305	-0.10635
8.31	-0.11327
8.315	-0.12056
8.32	-0.12877
8.325	-0.13767
8.33	-0.14687
8.335	-0.15555
8.34	-0.16257
8.345	-0.16683
8.35	-0.16789
8.355	-0.16614
8.36	-0.16187
8.365	-0.15563
8.37	-0.1492
8.375	-0.14419
8.38	-0.14109
8.385	-0.13999
8.39	-0.14105
8.395	-0.14479
8.4	-0.15238
8.405	-0.16415
8.41	-0.17924
8.415	-0.19654
8.42	-0.21344
8.425	-0.22748
8.43	-0.23744
8.435	-0.24245
8.44	-0.24331
8.445	-0.24141
8.45	-0.23713
8.455	-0.23
8.46	-0.21981
8.465	-0.20748
8.47	-0.19387
8.475	-0.17909
8.48	-0.16358
8.485	-0.1483
8.49	-0.13425
8.495	-0.12191
8.5	-0.11032
8.505	-0.09823
8.51	-0.08448
8.515	-0.06879
8.52	-0.05289
8.525	-0.03878
8.53	-0.02634
8.535	-0.0143
8.54	-0.00218
8.545	0.00984
8.55	0.02088
8.555	0.03062
8.56	0.04029
8.565	0.05025
8.57	0.05962
8.575	0.06755
8.58	0.07364
8.585	0.07821
8.59	0.08173
8.595	0.08408
8.6	0.08523
8.605	0.08639
8.61	0.08803
8.615	0.08962
8.62	0.09162
8.625	0.09421
8.63	0.09645
8.635	0.09752
8.64	0.09727
8.645	0.09589
8.65	0.09309
8.655	0.08869
8.66	0.08396
8.665	0.08011
8.67	0.07716
8.675	0.07535
8.68	0.0752
8.685	0.07684
8.69	0.0799
8.695	0.08354
8.7	0.08654
8.705	0.08783
8.71	0.0868
8.715	0.08299
8.72	0.07718
8.725	0.07026
8.73	0.06237
8.735	0.0547
8.74	0.0486
8.745	0.04427
8.75	0.04158
8.755	0.04122
8.76	0.04452
8.765	0.05199
8.77	0.06182
8.775	0.07119
8.78	0.07867
8.785	0.08493
8.79	0.09009
8.795	0.09222
8.8	0.09063
8.805	0.08637
8.81	0.08021
8.815	0.07204
8.82	0.06219
8.825	0.0524
8.83	0.04431
8.835	0.03848
8.84	0.03431
8.845	0.03153
8.85	0.03101
8.855	0.03299
8.86	0.03693
8.865	0.0421
8.87	0.0477
8.875	0.05396
8.88	0.06086
8.885	0.06651
8.89	0.07008
8.895	0.07304
8.9	0.07646
8.905	0.0802
8.91	0.08447
8.915	0.09019
8.92	0.09797
8.925	0.10663
8.93	0.11454
8.935	0.12139
8.94	0.12782
8.945	0.13333
8.95	0.13504
8.955	0.13072
8.96	0.12188
8.965	0.11155
8.97	0.10154
8.975	0.09366
8.98	0.08813
8.985	0.0832
8.99	0.07871
8.995	0.07479
9	0.0709
9.005	0.06726
9.01	0.0648
9.015	0.06368
9.02	0.06324
9.025	0.06277
9.03	0.06203
9.035	0.06052
9.04	0.05789
9.045	0.05424
9.05	0.04903
9.055	0.04203
9.06	0.03386
9.065	0.0248
9.07	0.01469
9.075	0.00291
9.08	-0.01012
9.085	-0.02295
9.09	-0.0359
9.095	-0.04959
9.1	-0.06274
9.105	-0.07407
9.11	-0.08438
9.115	-0.09582
9.12	-0.10869
9.125	-0.12165
9.13	-0.13405
9.135	-0.14603
9.14	-0.15755
9.145	-0.16907
9.15	-0.18088
9.155	-0.192
9.16	-0.20232
9.165	-0.21252
9.17	-0.22234
9.175	-0.23112
9.18	-0.2383
9.185	-0.24327
9.19	-0.24638
9.195	-0.24752
9.2	-0.24537
9.205	-0.24001
9.21	-0.23174
9.215	-0.22022
9.22	-0.20567
9.225	-0.1895
9.23	-0.1739
9.235	-0.1595
9.24	-0.14613
9.245	-0.13336
9.25	-0.11995
9.255	-0.10626
9.26	-0.09389
9.265	-0.08407
9.27	-0.07656
9.275	-0.06916
9.28	-0.06048
9.285	-0.05075
9.29	-0.04061
9.295	-0.02992
9.3	-0.01833
9.305	-0.00673
9.31	0.00438
9.315	0.01577
9.32	0.02822
9.325	0.04126
9.33	0.05369
9.335	0.0661
9.34	0.07935
9.345	0.09189
9.35	0.10152
9.355	0.10844
9.36	0.1144
9.365	0.11932
9.37	0.12097
9.375	0.11858
9.38	0.11397
9.385	0.1083
9.39	0.10151
9.395	0.09433
9.4	0.08688
9.405	0.07843
9.41	0.06975
9.415	0.06243
9.42	0.05716
9.425	0.05408
9.43	0.05346
9.435	0.05517
9.44	0.0578
9.445	0.05982
9.45	0.06115
9.455	0.06294
9.46	0.06585
9.465	0.06849
9.47	0.06919
9.475	0.06816
9.48	0.06636
9.485	0.06435
9.49	0.06274
9.495	0.06233
9.5	0.06429
9.505	0.06872
9.51	0.0744
9.515	0.08097
9.52	0.08883
9.525	0.09733
9.53	0.10491
9.535	0.11017
9.54	0.11272
9.545	0.11345
9.55	0.1135
9.555	0.11391
9.56	0.11545
9.565	0.11851
9.57	0.12362
9.575	0.13149
9.58	0.14184
9.585	0.15303
9.59	0.16398
9.595	0.17434
9.6	0.18247
9.605	0.18671
9.61	0.18646
9.615	0.18195
9.62	0.17465
9.625	0.16572
9.63	0.15521
9.635	0.14322
9.64	0.12974
9.645	0.11419
9.65	0.09688
9.655	0.07883
9.66	0.05986
9.665	0.03962
9.67	0.01901
9.675	-0.0011
9.68	-0.02095
9.685	-0.04072
9.69	-0.05989
9.695	-0.07798
9.7	-0.09414
9.705	-0.10743
9.71	-0.11837
9.715	-0.1282
9.72	-0.13759
9.725	-0.14712
9.73	-0.15667
9.735	-0.16539
9.74	-0.17317
9.745	-0.18134
9.75	-0.19074
9.755	-0.20165
9.76	-0.21537
9.765	-0.23101
9.77	-0.24545
9.775	-0.25702
9.78	-0.26521
9.785	-0.26927
9.79	-0.26915
9.795	-0.26576
9.8	-0.25964
9.805	-0.25105
9.81	-0.2407
9.815	-0.22955
9.82	-0.21745
9.825	-0.20303
9.83	-0.18577
9.835	-0.16628
9.84	-0.14416
9.845	-0.11886
9.85	-0.09187
9.855	-0.0662
9.86	-0.04373
9.865	-0.02442
9.87	-0.00845
9.875	0.00356
9.88	0.01252
9.885	0.02015
9.89	0.02705
9.895	0.03331
9.9	0.03905
9.905	0.04481
9.91	0.0515
9.915	0.05891
9.92	0.06642
9.925	0.0729
9.93	0.07755
9.935	0.08024
9.94	0.08014
9.945	0.07711
9.95	0.07282
9.955	0.06868
9.96	0.0638
9.965	0.05679
9.97	0.04862
9.975	0.04168
9.98	0.03657
9.985	0.03155
9.99	0.02421
9.995	0.01396
10	0.00178
10.005	-0.01243
10.01	-0.02915
10.015	-0.04726
10.02	-0.06486
10.025	-0.08066
10.03	-0.09389
10.035	-0.10437
10.04	-0.1116
10.045	-0.11497
10.05	-0.11519
10.055	-0.11313
10.06	-0.10849
10.065	-0.10249
10.07	-0.09712
10.075	-0.09213
10.08	-0.08701
10.085	-0.08246
10.09	-0.07973
10.095	-0.07891
10.1	-0.07914
10.105	-0.0803
10.11	-0.08291
10.115	-0.08682
10.12	-0.09068
10.125	-0.09352
10.13	-0.096
10.135	-0.09856
10.14	-0.09998
10.145	-0.09911
10.15	-0.09535
10.155	-0.08809
10.16	-0.07845
10.165	-0.06865
10.17	-0.05979
10.175	-0.05118
10.18	-0.04159
10.185	-0.03155
10.19	-0.02209
10.195	-0.01369
10.2	-0.0073
10.205	-0.00364
10.21	-0.00312
10.215	-0.00633
10.22	-0.01264
10.225	-0.02
10.23	-0.02714
10.235	-0.03399
10.24	-0.04044
10.245	-0.04562
10.25	-0.0482
10.255	-0.04764
10.26	-0.04373
10.265	-0.03648
10.27	-0.02746
10.275	-0.0194
10.28	-0.01371
10.285	-0.0104
10.29	-0.00928
10.295	-0.00962
10.3	-0.01135
10.305	-0.01445
10.31	-0.01789
10.315	-0.02043
10.32	-0.02126
10.325	-0.01943
10.33	-0.01426
10.335	-0.00501
10.34	0.0096
10.345	0.02991
10.35	0.05575
10.355	0.08655
10.36	0.12043
10.365	0.15497
10.37	0.18734
10.375	0.21343
10.38	0.22917
10.385	0.23137
10.39	0.21879
10.395	0.193
10.4	0.15688
10.405	0.11419
10.41	0.07053
10.415	0.03305
10.42	0.00773
10.425	-0.00194
10.43	0.0062
10.435	0.03314
10.44	0.07702
10.445	0.13314
10.45	0.19502
10.455	0.25473
10.46	0.3048
10.465	0.33988
10.47	0.35739
10.475	0.35699
10.48	0.34021
10.485	0.31088
10.49	0.27361
10.495	0.2329
10.5	0.19363
10.505	0.16037
10.51	0.13648
10.515	0.12374
10.52	0.12166
10.525	0.12765
10.53	0.13939
10.535	0.15447
10.54	0.16998
10.545	0.18424
10.55	0.19729
10.555	0.21066
10.56	0.22571
10.565	0.24168
10.57	0.25689
10.575	0.27145
10.58	0.2861
10.585	0.29955
10.59	0.30875
10.595	0.3103
10.6	0.30272
10.605	0.28688
10.61	0.26341
10.615	0.23239
10.62	0.194
10.625	0.14854
10.63	0.09728
10.635	0.04374
10.64	-0.00751
10.645	-0.05336
10.65	-0.0915
10.655	-0.12006
10.66	-0.13762
10.665	-0.14317
10.67	-0.13722
10.675	-0.12175
10.68	-0.0999
10.685	-0.07479
10.69	-0.04871
10.695	-0.02337
10.7	-0.00094
10.705	0.01457
10.71	0.01943
10.715	0.01353
10.72	-0.00014
10.725	-0.01915
10.73	-0.04365
10.735	-0.07249
10.74	-0.10207
10.745	-0.12963
10.75	-0.1536
10.755	-0.17283
10.76	-0.18615
10.765	-0.19312
10.77	-0.19413
10.775	-0.18949
10.78	-0.1799
10.785	-0.16631
10.79	-0.14909
10.795	-0.1298
10.8	-0.11169
10.805	-0.0965
10.81	-0.08388
10.815	-0.07323
10.82	-0.06394
10.825	-0.05612
10.83	-0.05079
10.835	-0.04799
10.84	-0.04702
10.845	-0.0473
10.85	-0.0489
10.855	-0.05174
10.86	-0.05495
10.865	-0.05873
10.87	-0.06312
10.875	-0.06714
10.88	-0.07105
10.885	-0.07497
10.89	-0.07712
10.895	-0.07581
10.9	-0.07088
10.905	-0.06302
10.91	-0.05344
10.915	-0.0426
10.92	-0.03062
10.925	-0.01906
10.93	-0.00876
10.935	-0.00002
10.94	0.00547
10.945	0.00671
10.95	0.00437
10.955	-0.00095
10.96	-0.00874
10.965	-0.01775
10.97	-0.02725
10.975	-0.03773
10.98	-0.04922
10.985	-0.06158
10.99	-0.07447
10.995	-0.0879
11	-0.10335
11.005	-0.12142
11.01	-0.13995
11.015	-0.15644
11.02	-0.17079
11.025	-0.18427
11.03	-0.19724
11.035	-0.20923
11.04	-0.2206
11.045	-0.23129
11.05	-0.23977
11.055	-0.2451
11.06	-0.24745
11.065	-0.24696
11.07	-0.24319
11.075	-0.23564
11.08	-0.22448
11.085	-0.2112
11.09	-0.19748
11.095	-0.18304
11.1	-0.16712
11.105	-0.15049
11.11	-0.13345
11.115	-0.11495
11.12	-0.09472
11.125	-0.07449
11.13	-0.05552
11.135	-0.03741
11.14	-0.01924
11.145	-0.0007
11.15	0.0171
11.155	0.03301
11.16	0.04596
11.165	0.05498
11.17	0.05955
11.175	0.05925
11.18	0.0547
11.185	0.04711
11.19	0.03645
11.195	0.02214
11.2	0.00549
11.205	-0.01067
11.21	-0.0254
11.215	-0.04042
11.22	-0.05686
11.225	-0.07345
11.23	-0.0885
11.235	-0.10177
11.24	-0.11338
11.245	-0.12346
11.25	-0.13209
11.255	-0.13956
11.26	-0.14566
11.265	-0.14948
11.27	-0.15117
11.275	-0.15177
11.28	-0.15124
11.285	-0.14927
11.29	-0.14647
11.295	-0.14301
11.3	-0.13866
11.305	-0.13358
11.31	-0.12837
11.315	-0.12455
11.32	-0.12296
11.325	-0.12253
11.33	-0.12166
11.335	-0.11924
11.34	-0.11503
11.345	-0.1096
11.35	-0.10313
11.355	-0.09442
11.36	-0.08299
11.365	-0.07008
11.37	-0.0563
11.375	-0.04097
11.38	-0.02391
11.385	-0.00645
11.39	0.0099
11.395	0.02568
11.4	0.04171
11.405	0.0576
11.41	0.07271
11.415	0.08713
11.42	0.10252
11.425	0.11928
11.43	0.13585
11.435	0.15098
11.44	0.16329
11.445	0.1716
11.45	0.17589
11.455	0.17643
11.46	0.17295
11.465	0.16493
11.47	0.15361
11.475	0.14154
11.48	0.13008
11.485	0.11982
11.49	0.11156
11.495	0.10594
11.5	0.1031
11.505	0.10239
11.51	0.10383
11.515	0.10818
11.52	0.11571
11.525	0.12584
11.53	0.13756
11.535	0.15035
11.54	0.16446
11.545	0.18059
11.55	0.19886
11.555	0.2184
11.56	0.23883
11.565	0.26067
11.57	0.28397
11.575	0.30706
11.58	0.32894
11.585	0.34995
11.59	0.36926
11.595	0.3854
11.6	0.3977
11.605	0.40654
11.61	0.41204
11.615	0.41437
11.62	0.41306
11.625	0.4068
11.63	0.39594
11.635	0.38179
11.64	0.36444
11.645	0.34328
11.65	0.31863
11.655	0.29168
11.66	0.26332
11.665	0.23355
11.67	0.20257
11.675	0.17136
11.68	0.14138
11.685	0.11399
11.69	0.08893
11.695	0.06474
11.7	0.04139
11.705	0.02052
11.71	0.00329
11.715	-0.00945
11.72	-0.01663
11.725	-0.01838
11.73	-0.01592
11.735	-0.01002
11.74	-0.00101
11.745	0.01038
11.75	0.02402
11.755	0.03988
11.76	0.05687
11.765	0.07361
11.77	0.08898
11.775	0.10262
11.78	0.11387
11.785	0.12106
11.79	0.12354
11.795	0.12241
11.8	0.11898
11.805	0.11348
11.81	0.10594
11.815	0.09669
11.82	0.08526
11.825	0.07189
11.83	0.05839
11.835	0.04584
11.84	0.03418
11.845	0.02363
11.85	0.01449
11.855	0.00687
11.86	0.00032
11.865	-0.00638
11.87	-0.01362
11.875	-0.02052
11.88	-0.02687
11.885	-0.03307
11.89	-0.0394
11.895	-0.04633
11.9	-0.05331
11.905	-0.0599
11.91	-0.06721
11.915	-0.07555
11.92	-0.08465
11.925	-0.09572
11.93	-0.11062
11.935	-0.12927
11.94	-0.14946
11.945	-0.1698
11.95	-0.19042
11.955	-0.21178
11.96	-0.23299
11.965	-0.25172
11.97	-0.26649
11.975	-0.2775
11.98	-0.2856
11.985	-0.29052
11.99	-0.29126
11.995	-0.28782
12	-0.28091
12.005	-0.27144
12.01	-0.25972
12.015	-0.24614
12.02	-0.23165
12.025	-0.21703
12.03	-0.20307
12.035	-0.19037
12.04	-0.17963
12.045	-0.17232
12.05	-0.16979
12.055	-0.17122
12.06	-0.17473
12.065	-0.18049
12.07	-0.18985
12.075	-0.20235
12.08	-0.21545
12.085	-0.22746
12.09	-0.23877
12.095	-0.25003
12.1	-0.26134
12.105	-0.27235
12.11	-0.28254
12.115	-0.2909
12.12	-0.29639
12.125	-0.29955
12.13	-0.30063
12.135	-0.29753
12.14	-0.2886
12.145	-0.27371
12.15	-0.25303
12.155	-0.22704
12.16	-0.19668
12.165	-0.16317
12.17	-0.12867
12.175	-0.09498
12.18	-0.06233
12.185	-0.03093
12.19	-0.00167
12.195	0.02438
12.2	0.04732
12.205	0.06709
12.21	0.08281
12.215	0.09384
12.22	0.09978
12.225	0.10091
12.23	0.09857
12.235	0.09365
12.24	0.08568
12.245	0.07447
12.25	0.06111
12.255	0.04674
12.26	0.03206
12.265	0.01782
12.27	0.00403
12.275	-0.00973
12.28	-0.02337
12.285	-0.0363
12.29	-0.04782
12.295	-0.0586
12.3	-0.0703
12.305	-0.08338
12.31	-0.09738
12.315	-0.11162
12.32	-0.1257
12.325	-0.13955
12.33	-0.1531
12.335	-0.16629
12.34	-0.17816
12.345	-0.18796
12.35	-0.1963
12.355	-0.2038
12.36	-0.20959
12.365	-0.21197
12.37	-0.20978
12.375	-0.20327
12.38	-0.19256
12.385	-0.17665
12.39	-0.15535
12.395	-0.12974
12.4	-0.10087
12.405	-0.0698
12.41	-0.03755
12.415	-0.00489
12.42	0.02741
12.425	0.05834
12.43	0.08669
12.435	0.11212
12.44	0.13422
12.445	0.15118
12.45	0.16127
12.455	0.16457
12.46	0.16259
12.465	0.15642
12.47	0.14696
12.475	0.13532
12.48	0.12275
12.485	0.11132
12.49	0.1023
12.495	0.09585
12.5	0.09172
12.505	0.08941
12.51	0.08971
12.515	0.09387
12.52	0.10113
12.525	0.10989
12.53	0.11999
12.535	0.13169
12.54	0.1446
12.545	0.15826
12.55	0.17193
12.555	0.18536
12.56	0.19854
12.565	0.21176
12.57	0.22601
12.575	0.23995
12.58	0.25079
12.585	0.25779
12.59	0.26185
12.595	0.26307
12.6	0.2608
12.605	0.25578
12.61	0.2485
12.615	0.23742
12.62	0.22218
12.625	0.20403
12.63	0.18442
12.635	0.1651
12.64	0.14768
12.645	0.13296
12.65	0.1208
12.655	0.11119
12.66	0.10498
12.665	0.10274
12.67	0.10476
12.675	0.1111
12.68	0.12096
12.685	0.13338
12.69	0.14775
12.695	0.16365
12.7	0.1807
12.705	0.19865
12.71	0.21791
12.715	0.2387
12.72	0.26035
12.725	0.28118
12.73	0.29912
12.735	0.31368
12.74	0.3251
12.745	0.3326
12.75	0.33469
12.755	0.33053
12.76	0.32056
12.765	0.30575
12.77	0.28714
12.775	0.2659
12.78	0.24328
12.785	0.21995
12.79	0.19582
12.795	0.1704
12.8	0.14382
12.805	0.1173
12.81	0.09205
12.815	0.06807
12.82	0.0448
12.825	0.02192
12.83	-0.00055
12.835	-0.02251
12.84	-0.04407
12.845	-0.0656
12.85	-0.08682
12.855	-0.10659
12.86	-0.12419
12.865	-0.13958
12.87	-0.15295
12.875	-0.16459
12.88	-0.17468
12.885	-0.18237
12.89	-0.18589
12.895	-0.18474
12.9	-0.17986
12.905	-0.17195
12.91	-0.16118
12.915	-0.14781
12.92	-0.13303
12.925	-0.11824
12.93	-0.10389
12.935	-0.0889
12.94	-0.07182
12.945	-0.05323
12.95	-0.03501
12.955	-0.01829
12.96	-0.0036
12.965	0.00874
12.97	0.01853
12.975	0.02599
12.98	0.03116
12.985	0.03248
12.99	0.02928
12.995	0.02297
13	0.01415
13.005	0.00208
13.01	-0.0132
13.015	-0.03034
13.02	-0.04854
13.025	-0.0683
13.03	-0.08933
13.035	-0.11017
13.04	-0.12987
13.045	-0.14798
13.05	-0.16374
13.055	-0.17711
13.06	-0.1895
13.065	-0.20184
13.07	-0.21361
13.075	-0.2235
13.08	-0.23076
13.085	-0.2359
13.09	-0.23937
13.095	-0.24057
13.1	-0.23894
13.105	-0.23508
13.11	-0.22974
13.115	-0.22346
13.12	-0.21623
13.125	-0.20772
13.13	-0.19821
13.135	-0.18837
13.14	-0.1785
13.145	-0.16932
13.15	-0.16221
13.155	-0.15789
13.16	-0.15593
13.165	-0.15608
13.17	-0.15857
13.175	-0.16334
13.18	-0.17044
13.185	-0.17937
13.19	-0.18937
13.195	-0.20125
13.2	-0.21527
13.205	-0.23025
13.21	-0.24531
13.215	-0.26036
13.22	-0.27504
13.225	-0.28828
13.23	-0.29959
13.235	-0.30872
13.24	-0.31501
13.245	-0.31787
13.25	-0.31667
13.255	-0.31119
13.26	-0.30195
13.265	-0.28992
13.27	-0.27585
13.275	-0.25959
13.28	-0.24151
13.285	-0.22353
13.29	-0.20692
13.295	-0.1915
13.3	-0.17737
13.305	-0.16549
13.31	-0.15623
13.315	-0.14823
13.32	-0.13933
13.325	-0.12813
13.33	-0.11459
13.335	-0.09984
13.34	-0.08513
13.345	-0.07019
13.35	-0.05322
13.355	-0.03366
13.36	-0.01256
13.365	0.00899
13.37	0.03023
13.375	0.05043
13.38	0.06904
13.385	0.08717
13.39	0.10571
13.395	0.12382
13.4	0.14083
13.405	0.15734
13.41	0.17449
13.415	0.19264
13.42	0.21107
13.425	0.22907
13.43	0.24572
13.435	0.25994
13.44	0.27163
13.445	0.2817
13.45	0.28982
13.455	0.29421
13.46	0.29363
13.465	0.28823
13.47	0.27953
13.475	0.26845
13.48	0.25477
13.485	0.23827
13.49	0.21971
13.495	0.20098
13.5	0.18381
13.505	0.16864
13.51	0.15515
13.515	0.1432
13.52	0.13317
13.525	0.1252
13.53	0.11847
13.535	0.1127
13.54	0.10852
13.545	0.10654
13.55	0.10791
13.555	0.11411
13.56	0.12497
13.565	0.13957
13.57	0.1576
13.575	0.17805
13.58	0.19973
13.585	0.22287
13.59	0.24756
13.595	0.27201
13.6	0.29387
13.605	0.31184
13.61	0.32554
13.615	0.33536
13.62	0.34184
13.625	0.34457
13.63	0.34318
13.635	0.33816
13.64	0.32995
13.645	0.31882
13.65	0.30545
13.655	0.29075
13.66	0.27515
13.665	0.25885
13.67	0.24255
13.675	0.22666
13.68	0.21102
13.685	0.1958
13.69	0.18166
13.695	0.16899
13.7	0.15782
13.705	0.148
13.71	0.13958
13.715	0.1329
13.72	0.12756
13.725	0.12305
13.73	0.11952
13.735	0.11612
13.74	0.11204
13.745	0.10739
13.75	0.10181
13.755	0.094
13.76	0.08239
13.765	0.06598
13.77	0.04423
13.775	0.01695
13.78	-0.01598
13.785	-0.05455
13.79	-0.09705
13.795	-0.14135
13.8	-0.18651
13.805	-0.23167
13.81	-0.27565
13.815	-0.31617
13.82	-0.35077
13.825	-0.37863
13.83	-0.39976
13.835	-0.41431
13.84	-0.42307
13.845	-0.42638
13.85	-0.42384
13.855	-0.41623
13.86	-0.40575
13.865	-0.39391
13.87	-0.37993
13.875	-0.36236
13.88	-0.34079
13.885	-0.31537
13.89	-0.28565
13.895	-0.25071
13.9	-0.21124
13.905	-0.16956
13.91	-0.12729
13.915	-0.08483
13.92	-0.04262
13.925	-0.00148
13.93	0.03679
13.935	0.06981
13.94	0.09573
13.945	0.11465
13.95	0.12842
13.955	0.13795
13.96	0.14277
13.965	0.1429
13.97	0.13928
13.975	0.13311
13.98	0.12554
13.985	0.11673
13.99	0.10571
13.995	0.09219
14	0.07765
14.005	0.06301
14.01	0.04772
14.015	0.03129
14.02	0.01371
14.025	-0.00483
14.03	-0.02348
14.035	-0.04099
14.04	-0.05674
14.045	-0.07075
14.05	-0.08307
14.055	-0.09362
14.06	-0.10228
14.065	-0.10894
14.07	-0.11336
14.075	-0.11526
14.08	-0.11479
14.085	-0.11302
14.09	-0.11105
14.095	-0.10835
14.1	-0.104
14.105	-0.09934
14.11	-0.0962
14.115	-0.09479
14.12	-0.09479
14.125	-0.0957
14.13	-0.09697
14.135	-0.09898
14.14	-0.10289
14.145	-0.10827
14.15	-0.11308
14.155	-0.11677
14.16	-0.12014
14.165	-0.12281
14.17	-0.124
14.175	-0.12328
14.18	-0.12076
14.185	-0.11756
14.19	-0.11411
14.195	-0.11001
14.2	-0.10503
14.205	-0.09879
14.21	-0.09146
14.215	-0.08406
14.22	-0.07662
14.225	-0.06725
14.23	-0.05526
14.235	-0.04228
14.24	-0.02923
14.245	-0.01487
14.25	0.0014
14.255	0.0179
14.26	0.03293
14.265	0.04574
14.27	0.056
14.275	0.0645
14.28	0.07231
14.285	0.07984
14.29	0.08754
14.295	0.09567
14.3	0.10371
14.305	0.11166
14.31	0.12061
14.315	0.13095
14.32	0.14217
14.325	0.1533
14.33	0.16281
14.335	0.17012
14.34	0.1762
14.345	0.18178
14.35	0.18652
14.355	0.19052
14.36	0.1945
14.365	0.19836
14.37	0.20171
14.375	0.20474
14.38	0.20757
14.385	0.21033
14.39	0.21275
14.395	0.21414
14.4	0.21383
14.405	0.21089
14.41	0.20469
14.415	0.19572
14.42	0.18481
14.425	0.17269
14.43	0.15906
14.435	0.14219
14.44	0.12186
14.445	0.09987
14.45	0.07687
14.455	0.05267
14.46	0.02797
14.465	0.00324
14.47	-0.02155
14.475	-0.04645
14.48	-0.07066
14.485	-0.09274
14.49	-0.11199
14.495	-0.12888
14.5	-0.14469
14.505	-0.16007
14.51	-0.17505
14.515	-0.18981
14.52	-0.20438
14.525	-0.21858
14.53	-0.23245
14.535	-0.24523
14.54	-0.2562
14.545	-0.26595
14.55	-0.27435
14.555	-0.27975
14.56	-0.28092
14.565	-0.27816
14.57	-0.27246
14.575	-0.26428
14.58	-0.25308
14.585	-0.23823
14.59	-0.2205
14.595	-0.20173
14.6	-0.1833
14.605	-0.16551
14.61	-0.14842
14.615	-0.13228
14.62	-0.1173
14.625	-0.10407
14.63	-0.0923
14.635	-0.07971
14.64	-0.06515
14.645	-0.04928
14.65	-0.03263
14.655	-0.01517
14.66	0.00194
14.665	0.01677
14.67	0.02872
14.675	0.03793
14.68	0.04489
14.685	0.04948
14.69	0.05154
14.695	0.05254
14.7	0.05381
14.705	0.05505
14.71	0.05641
14.715	0.05887
14.72	0.06274
14.725	0.06706
14.73	0.07076
14.735	0.07441
14.74	0.07817
14.745	0.08046
14.75	0.07974
14.755	0.0761
14.76	0.07104
14.765	0.06567
14.77	0.06011
14.775	0.05485
14.78	0.05165
14.785	0.05167
14.79	0.0545
14.795	0.05959
14.8	0.06651
14.805	0.0742
14.81	0.08212
14.815	0.09059
14.82	0.09892
14.825	0.10601
14.83	0.11116
14.835	0.1138
14.84	0.11384
14.845	0.11164
14.85	0.10755
14.855	0.10271
14.86	0.09897
14.865	0.09698
14.87	0.0969
14.875	0.10019
14.88	0.10818
14.885	0.1206
14.89	0.1353
14.895	0.14939
14.9	0.16157
14.905	0.17171
14.91	0.17882
14.915	0.18164
14.92	0.17943
14.925	0.1719
14.93	0.16065
14.935	0.14688
14.94	0.13057
14.945	0.11266
14.95	0.09467
14.955	0.07802
14.96	0.06284
14.965	0.04896
14.97	0.03696
14.975	0.02758
14.98	0.02182
14.985	0.02048
14.99	0.02426
14.995	0.03299
15	0.04383
15.005	0.05354
15.01	0.05978
15.015	0.06013
15.02	0.05493
15.025	0.04748
15.03	0.04091
15.035	0.03703
15.04	0.03654
15.045	0.03829
15.05	0.04005
15.055	0.04145
15.06	0.04396
15.065	0.04752
15.07	0.04921
15.075	0.046
15.08	0.03797
15.085	0.02767
15.09	0.01753
15.095	0.00804
15.1	-0.00209
15.105	-0.013
15.11	-0.02351
15.115	-0.03318
15.12	-0.0418
15.125	-0.04854
15.13	-0.05414
15.135	-0.06027
15.14	-0.06704
15.145	-0.07285
15.15	-0.07658
15.155	-0.0788
15.16	-0.07967
15.165	-0.07865
15.17	-0.07553
15.175	-0.06986
15.18	-0.06226
15.185	-0.05593
15.19	-0.05348
15.195	-0.0535
15.2	-0.05341
15.205	-0.0533
15.21	-0.05396
15.215	-0.05539
15.22	-0.05722
15.225	-0.05917
15.23	-0.06201
15.235	-0.06662
15.24	-0.07231
15.245	-0.07753
15.25	-0.08148
15.255	-0.08446
15.26	-0.0866
15.265	-0.0879
15.27	-0.08852
15.275	-0.08917
15.28	-0.09043
15.285	-0.0912
15.29	-0.09098
15.295	-0.09181
15.3	-0.096
15.305	-0.10353
15.31	-0.1126
15.315	-0.12118
15.32	-0.1271
15.325	-0.12967
15.33	-0.13012
15.335	-0.1297
15.34	-0.12896
15.345	-0.12794
15.35	-0.12672
15.355	-0.12562
15.36	-0.12455
15.365	-0.12241
15.37	-0.11832
15.375	-0.11374
15.38	-0.11056
15.385	-0.10793
15.39	-0.10417
15.395	-0.09874
15.4	-0.09196
15.405	-0.0849
15.41	-0.07868
15.415	-0.07297
15.42	-0.0668
15.425	-0.0606
15.43	-0.05494
15.435	-0.04895
15.44	-0.04157
15.445	-0.03294
15.45	-0.02371
15.455	-0.01496
15.46	-0.00773
15.465	-0.00153
15.47	0.00417
15.475	0.00887
15.48	0.01244
15.485	0.01526
15.49	0.01819
15.495	0.02174
15.5	0.02561
15.505	0.02983
15.51	0.03485
15.515	0.04037
15.52	0.04566
15.525	0.05098
15.53	0.05738
15.535	0.06433
15.54	0.07069
15.545	0.076
15.55	0.08007
15.555	0.08274
15.56	0.08357
15.565	0.08256
15.57	0.08065
15.575	0.07918
15.58	0.07878
15.585	0.07914
15.59	0.08004
15.595	0.08131
15.6	0.08283
15.605	0.08539
15.61	0.08912
15.615	0.09278
15.62	0.09547
15.625	0.09806
15.63	0.10076
15.635	0.10168
15.64	0.10058
15.645	0.09935
15.65	0.09948
15.655	0.10054
15.66	0.10148
15.665	0.10248
15.67	0.10355
15.675	0.10396
15.68	0.10312
15.685	0.10099
15.69	0.09738
15.695	0.09122
15.7	0.08226
15.705	0.07243
15.71	0.06444
15.715	0.05885
15.72	0.05444
15.725	0.05117
15.73	0.04991
15.735	0.05089
15.74	0.05441
15.745	0.06006
15.75	0.06643
15.755	0.07278
15.76	0.07857
15.765	0.08236
15.77	0.08335
15.775	0.08251
15.78	0.08105
15.785	0.07947
15.79	0.07756
15.795	0.0751
15.8	0.0725
15.805	0.07056
15.81	0.06892
15.815	0.06646
15.82	0.06337
15.825	0.06063
15.83	0.05869
15.835	0.05724
15.84	0.05528
15.845	0.052
15.85	0.04744
15.855	0.04149
15.86	0.03408
15.865	0.02552
15.87	0.01628
15.875	0.00753
15.88	0.00064
15.885	-0.00496
15.89	-0.0106
15.895	-0.0162
15.9	-0.0209
15.905	-0.02455
15.91	-0.02728
15.915	-0.0295
15.92	-0.03263
15.925	-0.03704
15.93	-0.04166
15.935	-0.04594
15.94	-0.05012
15.945	-0.05436
15.95	-0.05831
15.955	-0.06136
15.96	-0.06322
15.965	-0.06451
15.97	-0.06607
15.975	-0.06762
15.98	-0.06901
15.985	-0.07131
15.99	-0.07499
15.995	-0.0794
16	-0.084
16.005	-0.08824
16.01	-0.09178
16.015	-0.0947
16.02	-0.09667
16.025	-0.09795
16.03	-0.09974
16.035	-0.10254
16.04	-0.10629
16.045	-0.10974
16.05	-0.1118
16.055	-0.11382
16.06	-0.11717
16.065	-0.12089
16.07	-0.12329
16.075	-0.12434
16.08	-0.12493
16.085	-0.12484
16.09	-0.12413
16.095	-0.12371
16.1	-0.12356
16.105	-0.12312
16.11	-0.12236
16.115	-0.12148
16.12	-0.12044
16.125	-0.11885
16.13	-0.11619
16.135	-0.1123
16.14	-0.10788
16.145	-0.10375
16.15	-0.09932
16.155	-0.09376
16.16	-0.08745
16.165	-0.08095
16.17	-0.07441
16.175	-0.0682
16.18	-0.06328
16.185	-0.06042
16.19	-0.05917
16.195	-0.05887
16.2	-0.05969
16.205	-0.06132
16.21	-0.06351
16.215	-0.06622
16.22	-0.06848
16.225	-0.06894
16.23	-0.06701
16.235	-0.06256
16.24	-0.05577
16.245	-0.04776
16.25	-0.03997
16.255	-0.03334
16.26	-0.02849
16.265	-0.02548
16.27	-0.02352
16.275	-0.02107
16.28	-0.01645
16.285	-0.00943
16.29	-0.00119
16.295	0.00768
16.3	0.01791
16.305	0.02966
16.31	0.04169
16.315	0.05245
16.32	0.06152
16.325	0.069
16.33	0.07425
16.335	0.07709
16.34	0.078
16.345	0.0778
16.35	0.07785
16.355	0.07955
16.36	0.08261
16.365	0.08526
16.37	0.08678
16.375	0.08722
16.38	0.08706
16.385	0.08715
16.39	0.08735
16.395	0.0875
16.4	0.08744
16.405	0.08742
16.41	0.08847
16.415	0.09051
16.42	0.09233
16.425	0.09441
16.43	0.0981
16.435	0.10214
16.44	0.10498
16.445	0.10718
16.45	0.10946
16.455	0.1114
16.46	0.11215
16.465	0.11152
16.47	0.11054
16.475	0.11055
16.48	0.11129
16.485	0.11148
16.49	0.10975
16.495	0.10599
16.5	0.10133
16.505	0.09691
16.51	0.09308
16.515	0.08972
16.52	0.08771
16.525	0.08743
16.53	0.08771
16.535	0.08785
16.54	0.08789
16.545	0.08744
16.55	0.08633
16.555	0.08462
16.56	0.08228
16.565	0.07973
16.57	0.07721
16.575	0.0743
16.58	0.07035
16.585	0.06514
16.59	0.05937
16.595	0.05396
16.6	0.04868
16.605	0.04332
16.61	0.03878
16.615	0.03533
16.62	0.03234
16.625	0.02988
16.63	0.02859
16.635	0.02825
16.64	0.02805
16.645	0.02775
16.65	0.02652
16.655	0.02315
16.66	0.01771
16.665	0.01065
16.67	0.003
16.675	-0.00417
16.68	-0.01079
16.685	-0.01665
16.69	-0.02166
16.695	-0.02607
16.7	-0.02936
16.705	-0.03075
16.71	-0.03082
16.715	-0.03155
16.72	-0.03369
16.725	-0.03674
16.73	-0.03996
16.735	-0.04288
16.74	-0.0462
16.745	-0.05003
16.75	-0.05275
16.755	-0.05378
16.76	-0.05431
16.765	-0.05433
16.77	-0.05302
16.775	-0.05029
16.78	-0.04727
16.785	-0.04562
16.79	-0.04582
16.795	-0.04748
16.8	-0.05051
16.805	-0.05518
16.81	-0.06051
16.815	-0.06524
16.82	-0.07066
16.825	-0.07809
16.83	-0.08575
16.835	-0.09086
16.84	-0.09203
16.845	-0.09011
16.85	-0.08733
16.855	-0.08561
16.86	-0.08466
16.865	-0.0822
16.87	-0.0776
16.875	-0.07252
16.88	-0.06862
16.885	-0.06569
16.89	-0.06294
16.895	-0.06089
16.9	-0.05984
16.905	-0.05899
16.91	-0.05782
16.915	-0.05651
16.92	-0.05526
16.925	-0.05405
16.93	-0.05286
16.935	-0.05172
16.94	-0.05062
16.945	-0.04938
16.95	-0.04762
16.955	-0.04496
16.96	-0.04148
16.965	-0.0383
16.97	-0.03644
16.975	-0.03489
16.98	-0.03244
16.985	-0.02938
16.99	-0.02594
16.995	-0.02266
17	-0.0205
17.005	-0.01991
17.01	-0.02026
17.015	-0.02029
17.02	-0.01938
17.025	-0.01772
17.03	-0.01602
17.035	-0.0146
17.04	-0.01318
17.045	-0.01155
17.05	-0.00988
17.055	-0.00878
17.06	-0.00901
17.065	-0.01082
17.07	-0.01322
17.075	-0.01542
17.08	-0.01748
17.085	-0.01921
17.09	-0.01991
17.095	-0.01899
17.1	-0.01703
17.105	-0.01434
17.11	-0.01084
17.115	-0.00747
17.12	-0.00459
17.125	-0.00096
17.13	0.00324
17.135	0.00693
17.14	0.01001
17.145	0.01228
17.15	0.0138
17.155	0.01499
17.16	0.01553
17.165	0.01553
17.17	0.0159
17.175	0.01655
17.18	0.0171
17.185	0.01786
17.19	0.01958
17.195	0.02245
17.2	0.02535
17.205	0.02679
17.21	0.02684
17.215	0.0267
17.22	0.02698
17.225	0.02768
17.23	0.02898
17.235	0.03098
17.24	0.03303
17.245	0.0344
17.25	0.03488
17.255	0.03483
17.26	0.03537
17.265	0.03736
17.27	0.04033
17.275	0.04231
17.28	0.04226
17.285	0.04153
17.29	0.04129
17.295	0.04137
17.3	0.04132
17.305	0.04109
17.31	0.04079
17.315	0.04047
17.32	0.04013
17.325	0.03976
17.33	0.03933
17.335	0.03886
17.34	0.03838
17.345	0.03805
17.35	0.03798
17.355	0.03815
17.36	0.03812
17.365	0.03716
17.37	0.03564
17.375	0.03478
17.38	0.03456
17.385	0.03436
17.39	0.03392
17.395	0.03308
17.4	0.03141
17.405	0.02862
17.41	0.02532
17.415	0.0224
17.42	0.01966
17.425	0.01694
17.43	0.01519
17.435	0.01458
17.44	0.01413
17.445	0.01334
17.45	0.01247
17.455	0.0118
17.46	0.01137
17.465	0.01104
17.47	0.01055
17.475	0.00949
17.48	0.00749
17.485	0.00488
17.49	0.00323
17.495	0.00395
17.5	0.00582
17.505	0.00638
17.51	0.00578
17.515	0.00616
17.52	0.00834
17.525	0.01068
17.53	0.01089
17.535	0.00849
17.54	0.00475
17.545	0.00142
17.55	-0.00109
17.555	-0.0038
17.56	-0.00699
17.565	-0.01044
17.57	-0.01348
17.575	-0.01571
17.58	-0.01785
17.585	-0.02057
17.59	-0.02362
17.595	-0.02609
17.6	-0.02786
17.605	-0.02901
17.61	-0.02922
17.615	-0.02849
17.62	-0.02701
17.625	-0.02533
17.63	-0.02398
17.635	-0.02328
17.64	-0.02341
17.645	-0.0241
17.65	-0.02508
17.655	-0.02602
17.66	-0.02595
17.665	-0.0246
17.67	-0.02355
17.675	-0.0238
17.68	-0.02431
17.685	-0.02373
17.69	-0.02161
17.695	-0.01858
17.7	-0.01654
17.705	-0.01646
17.71	-0.01695
17.715	-0.01678
17.72	-0.01609
17.725	-0.01555
17.73	-0.01579
17.735	-0.01741
17.74	-0.0205
17.745	-0.02377
17.75	-0.02613
17.755	-0.02756
17.76	-0.02749
17.765	-0.02594
17.77	-0.02438
17.775	-0.02352
17.78	-0.02256
17.785	-0.02128
17.79	-0.01979
17.795	-0.01749
17.8	-0.01451
17.805	-0.01177
17.81	-0.00927
17.815	-0.00691
17.82	-0.00557
17.825	-0.0054
17.83	-0.0053
17.835	-0.0046
17.84	-0.00339
17.845	-0.00205
17.85	-0.00116
17.855	-0.00044
17.86	0.00146
17.865	0.00389
17.87	0.0051
17.875	0.00534
17.88	0.00538
17.885	0.0059
17.89	0.00737
17.895	0.00846
17.9	0.00795
17.905	0.00667
17.91	0.00593
17.915	0.00598
17.92	0.00636
17.925	0.00663
17.93	0.00677
17.935	0.00686
17.94	0.00692
17.945	0.0069
17.95	0.00691
17.955	0.00724
17.96	0.00832
17.965	0.01026
17.97	0.0124
17.975	0.01399
17.98	0.01469
17.985	0.01456
17.99	0.01435
17.995	0.01488
18	0.01655
18.005	0.01916
18.01	0.02137
18.015	0.02157
18.02	0.01999
18.025	0.01854
18.03	0.01793
18.035	0.01713
18.04	0.01573
18.045	0.01387
18.05	0.01136
18.055	0.00907
18.06	0.00755
18.065	0.00558
18.07	0.00313
18.075	0.00175
18.08	0.00177
18.085	0.00211
18.09	0.00217
18.095	0.00203
18.1	0.00155
18.105	0.00022
18.11	-0.00208
18.115	-0.00431
18.12	-0.00527
18.125	-0.00552
18.13	-0.0067
18.135	-0.00907
18.14	-0.01085
18.145	-0.01032
18.15	-0.00835
18.155	-0.00688
18.16	-0.0064
18.165	-0.00606
18.17	-0.00458
18.175	-0.00193
18.18	0.00016
18.185	0.00088
18.19	0.00189
18.195	0.00398
18.2	0.00547
18.205	0.00555
18.21	0.00532
18.215	0.0054
18.22	0.00545
18.225	0.00524
18.23	0.00616
18.235	0.00877
18.24	0.01153
18.245	0.01258
18.25	0.01197
18.255	0.01196
18.26	0.01314
18.265	0.01384
18.27	0.01322
18.275	0.01132
18.28	0.00839
18.285	0.00546
18.29	0.00293
18.295	-0.00023
18.3	-0.00433
18.305	-0.00877
18.31	-0.01257
18.315	-0.01452
18.32	-0.01468
18.325	-0.01464
18.33	-0.01507
18.335	-0.01521
18.34	-0.01413
18.345	-0.01178
18.35	-0.00936
18.355	-0.00836
18.36	-0.00862
18.365	-0.00887
18.37	-0.0086
18.375	-0.00824
18.38	-0.00832
18.385	-0.00925
18.39	-0.01103
18.395	-0.01301
18.4	-0.0145
18.405	-0.01524
18.41	-0.01529
18.415	-0.0152
18.42	-0.01527
18.425	-0.01534
18.43	-0.01527
18.435	-0.01521
18.44	-0.01555
18.445	-0.01658
18.45	-0.01811
18.455	-0.01908
18.46	-0.01875
18.465	-0.01755
18.47	-0.01628
18.475	-0.01562
18.48	-0.01551
18.485	-0.01471
18.49	-0.01238
18.495	-0.00922
18.5	-0.00639
18.505	-0.0039
18.51	-0.00174
18.515	0.00023
18.52	0.00307
18.525	0.00642
18.53	0.00917
18.535	0.01128
18.54	0.01249
18.545	0.01283
18.55	0.01283
18.555	0.01235
18.56	0.01068
18.565	0.00794
18.57	0.00596
18.575	0.00586
18.58	0.00637
18.585	0.00639
18.59	0.00617
18.595	0.00616
18.6	0.00628
18.605	0.00605
18.61	0.00497
18.615	0.00285
18.62	0.0004
18.625	-0.00164
18.63	-0.00393
18.635	-0.0073
18.64	-0.0112
18.645	-0.01465
18.65	-0.017
18.655	-0.01789
18.66	-0.01764
18.665	-0.017
18.67	-0.0164
18.675	-0.01607
18.68	-0.01566
18.685	-0.01502
18.69	-0.01487
18.695	-0.01513
18.7	-0.01498
18.705	-0.01381
18.71	-0.01148
18.715	-0.00872
18.72	-0.00645
18.725	-0.00445
18.73	-0.00244
18.735	-0.00108
18.74	-0.00014
18.745	0.00147
18.75	0.0036
18.755	0.00532
18.76	0.00615
18.765	0.00613
18.77	0.00592
18.775	0.00598
18.78	0.00633
18.785	0.00698
18.79	0.00785
18.795	0.00865
18.8	0.00967
18.805	0.01097
18.81	0.01152
18.815	0.01184
18.82	0.01317
18.825	0.01546
18.83	0.01817
18.835	0.0199
18.84	0.01998
18.845	0.02005
18.85	0.0216
18.855	0.02422
18.86	0.02613
18.865	0.02695
18.87	0.02749
18.875	0.02728
18.88	0.02552
18.885	0.02233
18.89	0.01912
18.895	0.01672
18.9	0.01474
18.905	0.01348
18.91	0.01326
18.915	0.01382
18.92	0.01538
18.925	0.01814
18.93	0.02108
18.935	0.02351
18.94	0.02613
18.945	0.02917
18.95	0.03231
18.955	0.0344
18.96	0.03441
18.965	0.03286
18.97	0.03056
18.975	0.02833
18.98	0.02723
18.985	0.02726
18.99	0.02779
18.995	0.02899
19	0.03129
19.005	0.03374
19.01	0.03456
19.015	0.03329
19.02	0.03083
19.025	0.02821
19.03	0.02577
19.035	0.02277
19.04	0.01884
19.045	0.01418
19.05	0.00907
19.055	0.00438
19.06	-0.00023
19.065	-0.00479
19.07	-0.0075
19.075	-0.00811
19.08	-0.00822
19.085	-0.00812
19.09	-0.00775
19.095	-0.0077
19.1	-0.00771
19.105	-0.00702
19.11	-0.00556
19.115	-0.00415
19.12	-0.00311
19.125	-0.00189
19.13	-0.00083
19.135	-0.00062
19.14	-0.00107
19.145	-0.00185
19.15	-0.00297
19.155	-0.00407
19.16	-0.00519
19.165	-0.00717
19.17	-0.00986
19.175	-0.01224
19.18	-0.0144
19.185	-0.01666
19.19	-0.01855
19.195	-0.02016
19.2	-0.02217
19.205	-0.02485
19.21	-0.02776
19.215	-0.02984
19.22	-0.03057
19.225	-0.02982
19.23	-0.02792
19.235	-0.02659
19.24	-0.02622
19.245	-0.02534
19.25	-0.02337
19.255	-0.0207
19.26	-0.0187
19.265	-0.01785
19.27	-0.01649
19.275	-0.01383
19.28	-0.01169
19.285	-0.01111
19.29	-0.01043
19.295	-0.00838
19.3	-0.00615
19.305	-0.00531
19.31	-0.00533
19.315	-0.00561
19.32	-0.00683
19.325	-0.00855
19.33	-0.00989
19.335	-0.01089
19.34	-0.01225
19.345	-0.01457
19.35	-0.01686
19.355	-0.01726
19.36	-0.01574
19.365	-0.01412
19.37	-0.01319
19.375	-0.0122
19.38	-0.01134
19.385	-0.01139
19.39	-0.01215
19.395	-0.01296
19.4	-0.01336
19.405	-0.01372
19.41	-0.01429
19.415	-0.01445
19.42	-0.01432
19.425	-0.01463
19.43	-0.01573
19.435	-0.01726
19.44	-0.01818
19.445	-0.01798
19.45	-0.0175
19.455	-0.01773
19.46	-0.01915
19.465	-0.02168
19.47	-0.02426
19.475	-0.02544
19.48	-0.02509
19.485	-0.0239
19.49	-0.02194
19.495	-0.01919
19.5	-0.01581
19.505	-0.01152
19.51	-0.00709
19.515	-0.00438
19.52	-0.00283
19.525	-0.00021
19.53	0.00316
19.535	0.00595
19.54	0.00833
19.545	0.01058
19.55	0.01291
19.555	0.0152
19.56	0.01654
19.565	0.01691
19.57	0.01704
19.575	0.01669
19.58	0.0147
19.585	0.01067
19.59	0.00632
19.595	0.00383
19.6	0.00326
19.605	0.00323
19.61	0.00269
19.615	0.00182
19.62	0.00142
19.625	0.00104
19.63	-0.00033
19.635	-0.00257
19.64	-0.00404
19.645	-0.00306
19.65	-0.00044
19.655	0.00175
19.66	0.0026
19.665	0.00342
19.67	0.0061
19.675	0.01035
19.68	0.01401
19.685	0.01529
19.69	0.01475
19.695	0.01363
19.7	0.01198
19.705	0.00976
19.71	0.00738
19.715	0.00554
19.72	0.00423
19.725	0.00324
19.73	0.00272
19.735	0.0027
19.74	0.00359
19.745	0.00623
19.75	0.01062
19.755	0.01573
19.76	0.02031
19.765	0.02395
19.77	0.02702
19.775	0.02922
19.78	0.02956
19.785	0.02815
19.79	0.0264
19.795	0.02491
19.8	0.02314
19.805	0.02069
19.81	0.01806
19.815	0.01643
19.82	0.01612
19.825	0.01646
19.83	0.01607
19.835	0.01388
19.84	0.01118
19.845	0.00967
19.85	0.0087
19.855	0.00672
19.86	0.00421
19.865	0.00293
19.87	0.00289
19.875	0.00271
19.88	0.00183
19.885	0.00072
19.89	-0.00082
19.895	-0.00295
19.9	-0.00422
19.905	-0.00414
19.91	-0.00378
19.915	-0.00384
19.92	-0.00407
19.925	-0.00419
19.93	-0.00421
19.935	-0.00419
19.94	-0.00418
19.945	-0.00417
19.95	-0.00417
19.955	-0.00418
19.96	-0.00417
19.965	-0.00414
19.97	-0.00413
19.975	-0.00427
19.98	-0.0047
19.985	-0.00544
19.99	-0.00633
19.995	-0.00786
20	-0.01007
20.005	-0.01131
20.01	-0.01084
20.015	-0.00965
20.02	-0.00873
20.025	-0.00871
20.03	-0.00924
20.035	-0.00871
20.04	-0.00685
20.045	-0.00517
20.05	-0.0046
20.055	-0.00458
20.06	-0.00359
20.065	-0.0008
20.07	0.00283
20.075	0.0055
20.08	0.00634
20.085	0.00583
20.09	0.00484
20.095	0.00367
20.1	0.0026
20.105	0.00173
20.11	0.00062
20.115	-0.00032
20.12	-0.00052
20.125	-0.00049
20.13	-0.00076
20.135	-0.00111
20.14	-0.00085
20.145	0.00061
20.15	0.00318
20.155	0.0054
20.16	0.00536
20.165	0.00295
20.17	0.00005
20.175	-0.00208
20.18	-0.00421
20.185	-0.00701
20.19	-0.00955
20.195	-0.01098
20.2	-0.01199
20.205	-0.01344
20.21	-0.01444
20.215	-0.01377
20.22	-0.01181
20.225	-0.00991
20.23	-0.00875
20.235	-0.00825
20.24	-0.00797
20.245	-0.00692
20.25	-0.00467
20.255	-0.00215
20.26	-0.00045
20.265	0.00108
20.27	0.00354
20.275	0.00596
20.28	0.00732
20.285	0.00853
20.29	0.00969
20.295	0.0098
20.3	0.00854
20.305	0.00621
20.31	0.00364
20.315	0.00181
20.32	0.00061
20.325	-0.00038
20.33	-0.00123
20.335	-0.00206
20.34	-0.0026
20.345	-0.00286
20.35	-0.00302
20.355	-0.00289
20.36	-0.00321
20.365	-0.00403
20.37	-0.00426
20.375	-0.00396
20.38	-0.00403
20.385	-0.005
20.39	-0.0068
20.395	-0.00869
20.4	-0.01011
20.405	-0.01102
20.41	-0.01168
20.415	-0.01256
20.42	-0.01344
20.425	-0.01398
20.43	-0.01362
20.435	-0.01128
20.44	-0.00758
20.445	-0.00426
20.45	-0.00204
20.455	-0.00056
20.46	0.00114
20.465	0.00341
20.47	0.00538
20.475	0.00621
20.48	0.00607
20.485	0.00564
20.49	0.00514
20.495	0.00469
20.5	0.00472
20.505	0.00489
20.51	0.0043
20.515	0.00264
20.52	0.00058
20.525	-0.00017
20.53	0.0006
20.535	0.0014
20.54	0.00213
20.545	0.00366
20.55	0.00551
20.555	0.00657
20.56	0.00624
20.565	0.00468
20.57	0.00229
20.575	0.00008
20.58	-0.00054
20.585	0.00035
20.59	0.00133
20.595	0.00134
20.6	0.00092
20.605	0.001
20.61	0.00167
20.615	0.00253
20.62	0.00292
20.625	0.0032
20.63	0.00392
20.635	0.00496
20.64	0.0065
20.645	0.00837
20.65	0.00883
20.655	0.00743
20.66	0.00588
20.665	0.00497
20.67	0.00378
20.675	0.00207
20.68	0.00051
20.685	-0.00062
20.69	-0.00155
20.695	-0.0028
20.7	-0.00398
20.705	-0.00459
20.71	-0.00511
20.715	-0.00562
20.72	-0.00522
20.725	-0.00398
20.73	-0.00307
20.735	-0.00289
20.74	-0.0035
20.745	-0.00433
20.75	-0.00442
20.755	-0.00403
20.76	-0.0041
20.765	-0.00508
20.77	-0.00685
20.775	-0.00866
20.78	-0.01002
20.785	-0.01101
20.79	-0.0121
20.795	-0.01379
20.8	-0.01551
20.805	-0.01616
20.81	-0.01541
20.815	-0.01409
20.82	-0.01331
20.825	-0.01286
20.83	-0.01125
20.835	-0.00806
20.84	-0.00518
20.845	-0.00424
20.85	-0.00478
20.855	-0.00559
20.86	-0.00616
20.865	-0.0064
20.87	-0.00676
20.875	-0.0075
20.88	-0.00793
20.885	-0.00788
20.89	-0.00758
20.895	-0.00684
20.9	-0.00557
20.905	-0.00431
20.91	-0.00329
20.915	-0.00189
20.92	-0.00033
20.925	0.00064
20.93	0.00099
20.935	0.00149
20.94	0.00238
20.945	0.00282
20.95	0.00269
20.955	0.00241
20.96	0.00221
20.965	0.00233
20.97	0.00342
20.975	0.00604
20.98	0.00981
20.985	0.01358
20.99	0.01665
20.995	0.0188
21	0.01996
21.005	0.02066
21.01	0.02153
21.015	0.02224
21.02	0.02258
21.025	0.02264
21.03	0.02231
21.035	0.02257
21.04	0.02379
21.045	0.02513
21.05	0.02636
21.055	0.02717
21.06	0.02723
21.065	0.02707
21.07	0.0272
21.075	0.02748
21.08	0.02745
21.085	0.02667
21.09	0.02496
21.095	0.02273
21.1	0.02038
21.105	0.01819
21.11	0.01682
21.115	0.01607
21.12	0.01522
21.125	0.01464
21.13	0.01467
21.135	0.01426
21.14	0.0135
21.145	0.01398
21.15	0.01593
21.155	0.01806
21.16	0.01949
21.165	0.02012
21.17	0.02008
21.175	0.01993
21.18	0.02004
21.185	0.02042
21.19	0.02101
21.195	0.0217
21.2	0.02224
21.205	0.02312
21.21	0.02474
21.215	0.02614
21.22	0.0263
21.225	0.02544
21.23	0.02505
21.235	0.0256
21.24	0.02649
21.245	0.02724
21.25	0.02737
21.255	0.02721
21.26	0.02728
21.265	0.0275
21.27	0.02737
21.275	0.02632
21.28	0.02415
21.285	0.02153
21.29	0.01925
21.295	0.01688
21.3	0.01395
21.305	0.01132
21.31	0.00955
21.315	0.00776
21.32	0.00495
21.325	0.0012
21.33	-0.00244
21.335	-0.00521
21.34	-0.00727
21.345	-0.00952
21.35	-0.01323
21.355	-0.01761
21.36	-0.02073
21.365	-0.02269
21.37	-0.02483
21.375	-0.02724
21.38	-0.0286
21.385	-0.02866
21.39	-0.02851
21.395	-0.02866
21.4	-0.02884
21.405	-0.02879
21.41	-0.02866
21.415	-0.02883
21.42	-0.02973
21.425	-0.03146
21.43	-0.03341
21.435	-0.03493
21.44	-0.03577
21.445	-0.0359
21.45	-0.03569
21.455	-0.03531
21.46	-0.03463
21.465	-0.03408
21.47	-0.03483
21.475	-0.03706
21.48	-0.03972
21.485	-0.04184
21.49	-0.04269
21.495	-0.04261
21.5	-0.04263
21.505	-0.04294
21.51	-0.04286
21.515	-0.04168
21.52	-0.03941
21.525	-0.0372
21.53	-0.03626
21.535	-0.03599
21.54	-0.03459
21.545	-0.03164
21.55	-0.02873
21.555	-0.0267
21.56	-0.02456
21.565	-0.02274
21.57	-0.02206
21.575	-0.0219
21.58	-0.01971
21.585	-0.0172
21.59	-0.01573
21.595	-0.01462
21.6	-0.01235
21.605	-0.00938
21.61	-0.00755
21.615	-0.00742
21.62	-0.00831
21.625	-0.0088
21.63	-0.00746
21.635	-0.00457
21.64	-0.00195
21.645	-0.00127
21.65	-0.00229
21.655	-0.00342
21.66	-0.00348
21.665	-0.00277
21.67	-0.00193
21.675	-0.0011
21.68	-0.00058
21.685	-0.00012
21.69	0.00035
21.695	0.0001
21.7	-0.00077
21.705	-0.00134
21.71	-0.00176
21.715	-0.00235
21.72	-0.00251
21.725	-0.00207
21.73	-0.00146
21.735	-0.00099
21.74	-0.00094
21.745	-0.00057
21.75	0.00118
21.755	0.00423
21.76	0.00698
21.765	0.0086
21.77	0.01007
21.775	0.01127
21.78	0.01199
21.785	0.01324
21.79	0.01541
21.795	0.01818
21.8	0.02013
21.805	0.02043
21.81	0.0204
21.815	0.02104
21.82	0.02187
21.825	0.02286
21.83	0.0242
21.835	0.02496
21.84	0.02434
21.845	0.02292
21.85	0.02175
21.855	0.02081
21.86	0.02015
21.865	0.01977
21.87	0.01873
21.875	0.01642
21.88	0.01367
21.885	0.01175
21.89	0.01045
21.895	0.00902
21.9	0.00719
21.905	0.00498
21.91	0.00248
21.915	0.00017
21.92	-0.00095
21.925	-0.00086
21.93	-0.00064
21.935	-0.00078
21.94	-0.00101
21.945	-0.00112
21.95	-0.00112
21.955	-0.00109
21.96	-0.00107
21.965	-0.00105
21.97	-0.00105
21.975	-0.00106
21.98	-0.00105
21.985	-0.00102
21.99	-0.00097
21.995	-0.00095
22	-0.00102
22.005	-0.00119
22.01	-0.00131
22.015	-0.00105
22.02	0.00007
22.025	0.00216
22.03	0.00441
22.035	0.00589
22.04	0.00708
22.045	0.00877
22.05	0.00999
22.055	0.01008
22.06	0.0098
22.065	0.0096
22.07	0.00921
22.075	0.00842
22.08	0.00754
22.085	0.00639
22.09	0.00487
22.095	0.00298
22.1	0.00066
22.105	-0.00096
22.11	-0.00121
22.115	-0.00169
22.12	-0.00385
22.125	-0.00724
22.13	-0.01062
22.135	-0.01352
22.14	-0.01592
22.145	-0.01761
22.15	-0.01853
22.155	-0.01949
22.16	-0.02142
22.165	-0.02366
22.17	-0.02468
22.175	-0.02419
22.18	-0.02293
22.185	-0.02129
22.19	-0.0196
22.195	-0.01828
22.2	-0.0176
22.205	-0.0176
22.21	-0.01764
22.215	-0.01709
22.22	-0.01564
22.225	-0.01343
22.23	-0.01143
22.235	-0.01069
22.24	-0.01085
22.245	-0.01041
22.25	-0.00858
22.255	-0.00592
22.26	-0.0041
22.265	-0.00397
22.27	-0.00441
22.275	-0.00444
22.28	-0.00411
22.285	-0.00359
22.29	-0.00288
22.295	-0.00214
22.3	-0.00195
22.305	-0.00234
22.31	-0.00292
22.315	-0.00331
22.32	-0.00289
22.325	-0.00175
22.33	-0.00044
22.335	0.00103
22.34	0.0023
22.345	0.00269
22.35	0.0029
22.355	0.0037
22.36	0.00478
22.365	0.00581
22.37	0.00645
22.375	0.00652
22.38	0.00656
22.385	0.00703
22.39	0.00768
22.395	0.00789
22.4	0.00773
22.405	0.00762
22.41	0.00759
22.415	0.00755
22.42	0.00752
22.425	0.00765
22.43	0.00803
22.435	0.00857
22.44	0.00891
22.445	0.00916
22.45	0.00951
22.455	0.00953
22.46	0.00934
22.465	0.00947
22.47	0.01016
22.475	0.01115
22.48	0.01171
22.485	0.01147
22.49	0.01093
22.495	0.01074
22.5	0.01124
22.505	0.01265
22.51	0.01458
22.515	0.01553
22.52	0.01449
22.525	0.01228
22.53	0.01045
22.535	0.01
22.54	0.01079
22.545	0.012
22.55	0.01295
22.555	0.01345
22.56	0.01359
22.565	0.01357
22.57	0.01385
22.575	0.01456
22.58	0.01512
22.585	0.01502
22.59	0.01466
22.595	0.01468
22.6	0.01519
22.605	0.01582
22.61	0.01608
22.615	0.01585
22.62	0.01534
22.625	0.01459
22.63	0.01357
22.635	0.01267
22.64	0.01232
22.645	0.01231
22.65	0.01224
22.655	0.012
22.66	0.01145
22.665	0.01034
22.67	0.00866
22.675	0.00712
22.68	0.00628
22.685	0.0055
22.69	0.00435
22.695	0.00328
22.7	0.0027
22.705	0.00257
22.71	0.00228
22.715	0.0013
22.72	-0.0003
22.725	-0.00159
22.73	-0.00186
22.735	-0.00173
22.74	-0.00196
22.745	-0.00243
22.75	-0.00261
22.755	-0.00245
22.76	-0.00248
22.765	-0.00254
22.77	-0.0024
22.775	-0.00254
22.78	-0.00303
22.785	-0.00367
22.79	-0.00451
22.795	-0.00509
22.8	-0.0053
22.805	-0.00587
22.81	-0.00718
22.815	-0.00846
22.82	-0.00887
22.825	-0.00868
22.83	-0.00831
22.835	-0.00792
22.84	-0.00802
22.845	-0.00871
22.85	-0.00951
22.855	-0.01004
22.86	-0.01024
22.865	-0.01012
22.87	-0.0098
22.875	-0.00931
22.88	-0.0086
22.885	-0.00777
22.89	-0.00704
22.895	-0.00634
22.9	-0.00547
22.905	-0.00433
22.91	-0.00334
22.915	-0.00306
22.92	-0.00307
22.925	-0.00277
22.93	-0.00221
22.935	-0.00188
22.94	-0.00199
22.945	-0.00204
22.95	-0.00176
22.955	-0.00145
22.96	-0.00116
22.965	-0.00067
22.97	-0.00022
22.975	-0.0002
22.98	-0.00065
22.985	-0.00141
22.99	-0.00217
22.995	-0.00251
23	-0.00242
23.005	-0.00227
23.01	-0.00227
23.015	-0.00237
23.02	-0.00242
23.025	-0.00231
23.03	-0.00193
23.035	-0.00132
23.04	-0.00077
23.045	-0.00071
23.05	-0.00107
23.055	-0.00146
23.06	-0.00191
23.065	-0.00252
23.07	-0.00305
23.075	-0.00337
23.08	-0.00352
23.085	-0.00345
23.09	-0.00309
23.095	-0.00251
23.1	-0.00188
23.105	-0.00149
23.11	-0.0013
23.115	-0.00103
23.12	-0.00066
23.125	-0.00036
23.13	-0.00016
23.135	-0.00011
23.14	-0.00028
23.145	-0.00041
23.15	-0.00028
23.155	-0.00013
23.16	-0.00019
23.165	-0.00037
23.17	-0.00055
23.175	-0.00056
23.18	-0.00036
23.185	-0.00007
23.19	0.00014
23.195	0.00012
23.2	-0.00012
23.205	-0.00048
23.21	-0.00083
23.215	-0.00099
23.22	-0.00094
23.225	-0.00087
23.23	-0.00087
23.235	-0.00089
23.24	-0.00085
23.245	-0.00069
23.25	-0.00047
23.255	-0.00032
23.26	-0.00038
23.265	-0.00059
23.27	-0.00081
23.275	-0.00093
23.28	-0.00098
23.285	-0.00095
23.29	-0.0009
23.295	-0.00087
23.3	-0.00082
23.305	-0.00073
23.31	-0.00056
23.315	-0.0004
23.32	-0.00028
23.325	-0.00016
23.33	-0.00006
23.335	-0.00002
23.34	-0.00003
23.345	-0.00002
23.35	-0.00001
23.355	0.00001
23.36	0.00001
23.365	0.00002
23.37	0.00002
23.375	0.00002
23.38	0.00002
23.385	0.00003
23.39	0.00005
23.395	0.00006
23.4	0.00004
23.405	-0.00002
23.41	-0.00012
23.415	-0.00019
23.42	-0.00013
23.425	0
23.43	0.00009
23.435	0.00012
23.44	0.00017
23.445	0.00025
23.45	0.00032
23.455	0.00034
23.46	0.0003
23.465	0.00021
23.47	0.00014
23.475	0.00011
23.48	0.00014
23.485	0.00019
23.49	0.00022
23.495	0.00023
23.5	0.00022
23.505	0.00023
23.51	0.00027
23.515	0.00031
23.52	0.00031
23.525	0.00027
23.53	0.00024
23.535	0.00024
23.54	0.00024
23.545	0.00021
23.55	0.00019
23.555	0.00017
23.56	0.00014
23.565	0.00012
23.57	0.00009
23.575	0.00008
23.58	0.00007
23.585	0.00007
23.59	0.00005
23.595	0.00003
23.6	0.00002
23.605	0.00001
23.61	-0.00001
23.615	-0.00003
23.62	-0.00005
23.625	-0.00007
23.63	-0.00009
23.635	-0.0001
23.64	-0.00011
23.645	-0.00011
23.65	-0.00012
23.655	-0.00013
23.66	-0.00014
23.665	-0.00015
23.67	-0.00015
23.675	-0.00015
23.68	-0.00014
23.685	-0.00014
23.69	-0.00014
23.695	-0.00013
23.7	-0.00012
23.705	-0.00011
23.71	-0.00011
23.715	-0.0001
23.72	-0.00009
23.725	-0.00008
23.73	-0.00007
23.735	-0.00007
23.74	-0.00007
23.745	-0.00006
23.75	-0.00006
23.755	-0.00005
23.76	-0.00005
23.765	-0.00004
23.77	-0.00003
23.775	-0.00003
23.78	-0.00003
23.785	-0.00002
23.79	-0.00002
23.795	-0.00002
23.8	-0.00001
23.805	-0.00001
23.81	-0.00001
23.815	0
23.82	0
23.825	0
23.83	0.00001
23.835	0.00001
23.84	0.00001
23.845	0.00002
23.85	0.00002
23.855	0.00002
23.86	0.00003
23.865	0.00003
23.87	0.00003
23.875	0.00004
23.88	0.00004
23.885	0.00004
23.89	0.00005
23.895	0.00005
23.9	0.00006
23.905	0.00006
23.91	0.00006
23.915	0.00007
23.92	0.00007
23.925	0.00007
23.93	0.00008
23.935	0.00008
23.94	0.00009
23.945	0.00009
23.95	0.00009
23.955	0.0001
