0	0
0.01	0.00039
0.02	0.00038
0.03	0.00038
0.04	0.00037
0.05	0.00037
0.06	0.00036
0.07	0.00036
0.08	0.00035
0.09	0.00034
0.1	0.00034
0.11	0.00033
0.12	0.00032
0.13	0.00032
0.14	0.00031
0.15	0.0003
0.16	0.00029
0.17	0.00028
0.18	0.00029
0.19	0.0003
0.2	0.00031
0.21	0.00032
0.22	0.00032
0.23	0.00033
0.24	0.00033
0.25	0.00028
0.26	0.00019
0.27	0.00012
0.28	0.00011
0.29	0.00016
0.3	0.00023
0.31	0.00024
0.32	0.00018
0.33	0.00012
0.34	0.00013
0.35	0.00022
0.36	0.0003
0.37	0.00031
0.38	0.00024
0.39	0.00019
0.4	0.0003
0.41	0.00048
0.42	0.00058
0.43	0.00053
0.44	0.00049
0.45	0.00069
0.46	0.00098
0.47	0.00096
0.48	0.00055
0.49	0.00001
0.5	-0.00046
0.51	-0.00085
0.52	-0.00118
0.53	-0.0014
0.54	-0.00155
0.55	-0.0018
0.56	-0.0022
0.57	-0.00214
0.58	-0.00104
0.59	0.00042
0.6	0.0014
0.61	0.00181
0.62	0.00199
0.63	0.00218
0.64	0.00238
0.65	0.00251
0.66	0.00244
0.67	0.00218
0.68	0.00193
0.69	0.00209
0.7	0.00279
0.71	0.0037
0.72	0.00406
0.73	0.00391
0.74	0.0041
0.75	0.00409
0.76	0.00232
0.77	-0.00136
0.78	-0.00551
0.79	-0.00734
0.8	-0.00534
0.81	-0.00131
0.82	0.00048
0.83	-0.0023
0.84	-0.00733
0.85	-0.0092
0.86	-0.00538
0.87	0.0013
0.88	0.00588
0.89	0.0064
0.9	0.00543
0.91	0.00527
0.92	0.00421
0.93	0.00015
0.94	-0.00608
0.95	-0.00971
0.96	-0.00574
0.97	0.00423
0.98	0.01252
0.99	0.0137
1	0.01004
1.01	0.00673
1.02	0.00571
1.03	0.00506
1.04	0.00273
1.05	-0.00106
1.06	-0.00498
1.07	-0.00835
1.08	-0.01174
1.09	-0.01621
1.1	-0.02189
1.11	-0.02664
1.12	-0.02549
1.13	-0.01749
1.14	-0.0096
1.15	-0.00851
1.16	-0.01194
1.17	-0.01319
1.18	-0.01009
1.19	-0.00541
1.2	-0.00193
1.21	-0.00049
1.22	-0.00177
1.23	-0.00531
1.24	-0.00813
1.25	-0.00655
1.26	-0.00146
1.27	0.00114
1.28	-0.00187
1.29	-0.00537
1.3	-0.00417
1.31	-0.00206
1.32	-0.00569
1.33	-0.01453
1.34	-0.02218
1.35	-0.02593
1.36	-0.02998
1.37	-0.03789
1.38	-0.04781
1.39	-0.05366
1.4	-0.05259
1.41	-0.04789
1.42	-0.0438
1.43	-0.04139
1.44	-0.03925
1.45	-0.03509
1.46	-0.02543
1.47	-0.01
1.48	0.00735
1.49	0.01822
1.5	0.01484
1.51	0.00111
1.52	-0.01087
1.53	-0.01426
1.54	-0.01308
1.55	-0.01595
1.56	-0.02594
1.57	-0.03764
1.58	-0.04307
1.59	-0.04155
1.6	-0.04105
1.61	-0.04815
1.62	-0.06064
1.63	-0.0689
1.64	-0.06366
1.65	-0.04731
1.66	-0.02894
1.67	-0.01431
1.68	-0.00386
1.69	0.00498
1.7	0.01427
1.71	0.02449
1.72	0.03564
1.73	0.04743
1.74	0.0594
1.75	0.07064
1.76	0.07909
1.77	0.08404
1.78	0.08569
1.79	0.08433
1.8	0.0813
1.81	0.07833
1.82	0.0775
1.83	0.07949
1.84	0.08022
1.85	0.07341
1.86	0.05929
1.87	0.04337
1.88	0.03088
1.89	0.02286
1.9	0.0166
1.91	0.00958
1.92	0.0016
1.93	-0.00663
1.94	-0.01589
1.95	-0.0269
1.96	-0.03544
1.97	-0.03134
1.98	-0.01298
1.99	0.01093
2	0.02994
2.01	0.03265
2.02	0.01774
2.03	-0.00436
2.04	-0.02224
2.05	-0.02481
2.06	-0.00985
2.07	0.01437
2.08	0.03967
2.09	0.05458
2.1	0.05432
2.11	0.04623
2.12	0.03965
2.13	0.03951
2.14	0.0451
2.15	0.0522
2.16	0.05539
2.17	0.0503
2.18	0.03863
2.19	0.02474
2.2	0.01244
2.21	0.00415
2.22	0.00062
2.23	0.00393
2.24	0.01074
2.25	0.0064
2.26	-0.0163
2.27	-0.04308
2.28	-0.05089
2.29	-0.03689
2.3	-0.01632
2.31	-0.00542
2.32	-0.01484
2.33	-0.04036
2.34	-0.06543
2.35	-0.07071
2.36	-0.05592
2.37	-0.04167
2.38	-0.04202
2.39	-0.05194
2.4	-0.06049
2.41	-0.06357
2.42	-0.06244
2.43	-0.05967
2.44	-0.0584
2.45	-0.06197
2.46	-0.06977
2.47	-0.07499
2.48	-0.07041
2.49	-0.05462
2.5	-0.0285
2.51	-0.00104
2.52	0.01661
2.53	0.02449
2.54	0.03026
2.55	0.03674
2.56	0.03778
2.57	0.03005
2.58	0.01776
2.59	0.00712
2.6	0.00446
2.61	0.01165
2.62	0.02278
2.63	0.02788
2.64	0.02327
2.65	0.01594
2.66	0.01574
2.67	0.02352
2.68	0.02984
2.69	0.02449
2.7	0.00876
2.71	-0.00878
2.72	-0.02217
2.73	-0.0316
2.74	-0.03729
2.75	-0.03557
2.76	-0.02666
2.77	-0.01583
2.78	-0.00718
2.79	0.00077
2.8	0.01277
2.81	0.02966
2.82	0.04698
2.83	0.05993
2.84	0.06717
2.85	0.06471
2.86	0.05054
2.87	0.02988
2.88	0.00926
2.89	-0.00899
2.9	-0.02203
2.91	-0.02398
2.92	-0.01558
2.93	-0.00212
2.94	0.01293
2.95	0.0279
2.96	0.03277
2.97	0.01446
2.98	-0.01751
2.99	-0.04316
3	-0.05535
3.01	-0.05685
3.02	-0.04905
3.03	-0.03442
3.04	-0.01707
3.05	0.00032
3.06	0.01711
3.07	0.03167
3.08	0.04181
3.09	0.04844
3.1	0.05321
3.11	0.05323
3.12	0.045
3.13	0.02806
3.14	0.01159
3.15	0.00967
3.16	0.02269
3.17	0.0388
3.18	0.048
3.19	0.04381
3.2	0.025
3.21	0.00118
3.22	-0.01728
3.23	-0.02856
3.24	-0.03108
3.25	-0.02314
3.26	-0.00862
3.27	0.00669
3.28	0.02034
3.29	0.03304
3.3	0.04199
3.31	0.04078
3.32	0.03526
3.33	0.03867
3.34	0.05329
3.35	0.07091
3.36	0.07767
3.37	0.06113
3.38	0.02732
3.39	-0.00528
3.4	-0.02137
3.41	-0.01521
3.42	0.00391
3.43	0.01688
3.44	0.00984
3.45	-0.01178
3.46	-0.03453
3.47	-0.05192
3.48	-0.05909
3.49	-0.04716
3.5	-0.018
3.51	0.01634
3.52	0.03552
3.53	0.02712
3.54	0.00149
3.55	-0.02322
3.56	-0.03842
3.57	-0.04479
3.58	-0.04043
3.59	-0.02584
3.6	-0.00666
3.61	0.01137
3.62	0.02475
3.63	0.02926
3.64	0.02479
3.65	0.01347
3.66	-0.00452
3.67	-0.02731
3.68	-0.04975
3.69	-0.05913
3.7	-0.0479
3.71	-0.02584
3.72	-0.00903
3.73	-0.00423
3.74	-0.0093
3.75	-0.01804
3.76	-0.02434
3.77	-0.0224
3.78	-0.01199
3.79	0.00196
3.8	0.01526
3.81	0.0267
3.82	0.03393
3.83	0.03623
3.84	0.04069
3.85	0.05287
3.86	0.07016
3.87	0.08468
3.88	0.08669
3.89	0.07567
3.9	0.06157
3.91	0.05256
3.92	0.04313
3.93	0.02437
3.94	-0.00193
3.95	-0.02068
3.96	-0.01921
3.97	-0.00533
3.98	0.00555
3.99	0.00794
4	0.00325
4.01	-0.0047
4.02	-0.01105
4.03	-0.01409
4.04	-0.01287
4.05	-0.00216
4.06	0.02162
4.07	0.05141
4.08	0.07482
4.09	0.08595
4.1	0.08246
4.11	0.06701
4.12	0.03846
4.13	-0.00648
4.14	-0.04683
4.15	-0.05406
4.16	-0.02585
4.17	0.01669
4.18	0.04977
4.19	0.05843
4.2	0.03416
4.21	-0.01256
4.22	-0.05457
4.23	-0.07556
4.24	-0.08424
4.25	-0.09697
4.26	-0.11815
4.27	-0.14034
4.28	-0.15248
4.29	-0.14699
4.3	-0.11967
4.31	-0.06958
4.32	0.01098
4.33	0.11496
4.34	0.19407
4.35	0.1939
4.36	0.11039
4.37	-0.01636
4.38	-0.1178
4.39	-0.14808
4.4	-0.09063
4.41	0.01552
4.42	0.10701
4.43	0.15187
4.44	0.14817
4.45	0.113
4.46	0.07069
4.47	0.04003
4.48	0.02182
4.49	0.00946
4.5	0.00284
4.51	0.0084
4.52	0.00216
4.53	-0.062
4.54	-0.16225
4.55	-0.23893
4.56	-0.25705
4.57	-0.21524
4.58	-0.13921
4.59	-0.05958
4.6	0.00068
4.61	0.03697
4.62	0.05478
4.63	0.06636
4.64	0.08246
4.65	0.10269
4.66	0.1322
4.67	0.18337
4.68	0.23426
4.69	0.24728
4.7	0.19641
4.71	0.06338
4.72	-0.10691
4.73	-0.24181
4.74	-0.29769
4.75	-0.27847
4.76	-0.21151
4.77	-0.12468
4.78	-0.04611
4.79	-0.00526
4.8	-0.01514
4.81	-0.05904
4.82	-0.10199
4.83	-0.11585
4.84	-0.08941
4.85	-0.02221
4.86	0.07324
4.87	0.17132
4.88	0.24756
4.89	0.2886
4.9	0.28962
4.91	0.2516
4.92	0.17722
4.93	0.07568
4.94	-0.0296
4.95	-0.11412
4.96	-0.16521
4.97	-0.17055
4.98	-0.12528
4.99	-0.04909
5	0.02515
5.01	0.06789
5.02	0.06554
5.03	0.01435
5.04	-0.05884
5.05	-0.11583
5.06	-0.14689
5.07	-0.15987
5.08	-0.16084
5.09	-0.1562
5.1	-0.15072
5.11	-0.1545
5.12	-0.1711
5.13	-0.18659
5.14	-0.18173
5.15	-0.14655
5.16	-0.08381
5.17	-0.00476
5.18	0.0732
5.19	0.13456
5.2	0.16885
5.21	0.17404
5.22	0.15896
5.23	0.1362
5.24	0.11491
5.25	0.10321
5.26	0.10306
5.27	0.10274
5.28	0.06817
5.29	0.01373
5.3	-0.00534
5.31	0.03313
5.32	0.10126
5.33	0.15338
5.34	0.16245
5.35	0.12784
5.36	0.06323
5.37	-0.01847
5.38	-0.10067
5.39	-0.16783
5.4	-0.21311
5.41	-0.23572
5.42	-0.23243
5.43	-0.19914
5.44	-0.13908
5.45	-0.06848
5.46	-0.00609
5.47	0.04242
5.48	0.08055
5.49	0.12044
5.5	0.16603
5.51	0.1996
5.52	0.20025
5.53	0.16329
5.54	0.10199
5.55	0.03506
5.56	-0.02323
5.57	-0.05795
5.58	-0.06021
5.59	-0.03538
5.6	-0.00701
5.61	0.0078
5.62	0.01084
5.63	0.01106
5.64	0.01903
5.65	0.03419
5.66	0.04251
5.67	0.03082
5.68	-0.00314
5.69	-0.04824
5.7	-0.08892
5.71	-0.11565
5.72	-0.12974
5.73	-0.13834
5.74	-0.14318
5.75	-0.14142
5.76	-0.13693
5.77	-0.1353
5.78	-0.13532
5.79	-0.13204
5.8	-0.12001
5.81	-0.09411
5.82	-0.05601
5.83	-0.01192
5.84	0.03001
5.85	0.06266
5.86	0.08657
5.87	0.10645
5.88	0.12423
5.89	0.13815
5.9	0.14917
5.91	0.16495
5.92	0.18688
5.93	0.20161
5.94	0.19211
5.95	0.15794
5.96	0.10759
5.97	0.05699
5.98	0.02005
5.99	-0.00139
6	-0.0142
6.01	-0.02314
6.02	-0.02625
6.03	-0.02569
6.04	-0.02911
6.05	-0.03738
6.06	-0.0418
6.07	-0.03579
6.08	-0.02519
6.09	-0.01771
6.1	-0.01308
6.11	-0.00409
6.12	0.013
6.13	0.03324
6.14	0.04947
6.15	0.06012
6.16	0.06717
6.17	0.06654
6.18	0.0519
6.19	0.02327
6.2	-0.00873
6.21	-0.02763
6.22	-0.02853
6.23	-0.0188
6.24	-0.00488
6.25	0.00973
6.26	0.02197
6.27	0.0274
6.28	0.02016
6.29	0.00207
6.3	-0.01829
6.31	-0.0323
6.32	-0.03831
6.33	-0.04254
6.34	-0.05508
6.35	-0.07689
6.36	-0.09154
6.37	-0.08555
6.38	-0.06519
6.39	-0.04639
6.4	-0.03921
6.41	-0.04078
6.42	-0.04496
6.43	-0.04958
6.44	-0.05451
6.45	-0.05651
6.46	-0.05126
6.47	-0.04
6.48	-0.02844
6.49	-0.02256
6.5	-0.02302
6.51	-0.02699
6.52	-0.03225
6.53	-0.0378
6.54	-0.04339
6.55	-0.04816
6.56	-0.04787
6.57	-0.0401
6.58	-0.02812
6.59	-0.0177
6.6	-0.01643
6.61	-0.02648
6.62	-0.04037
6.63	-0.04699
6.64	-0.04418
6.65	-0.04052
6.66	-0.04334
6.67	-0.05041
6.68	-0.05201
6.69	-0.04239
6.7	-0.02164
6.71	0.00945
6.72	0.04441
6.73	0.07392
6.74	0.09517
6.75	0.11049
6.76	0.12327
6.77	0.13142
6.78	0.12911
6.79	0.11725
6.8	0.09888
6.81	0.07643
6.82	0.05915
6.83	0.05641
6.84	0.06723
6.85	0.08209
6.86	0.09354
6.87	0.09953
6.88	0.10142
6.89	0.10005
6.9	0.09575
6.91	0.08967
6.92	0.08249
6.93	0.07352
6.94	0.06168
6.95	0.04462
6.96	0.02794
6.97	0.02046
6.98	0.02656
6.99	0.04031
7	0.05214
7.01	0.05823
7.02	0.05729
7.03	0.0505
7.04	0.04164
7.05	0.03357
7.06	0.0274
7.07	0.02742
7.08	0.03684
7.09	0.05195
7.1	0.06629
7.11	0.07571
7.12	0.08082
7.13	0.08453
7.14	0.08728
7.15	0.08375
7.16	0.07041
7.17	0.05014
7.18	0.0262
7.19	-0.00002
7.2	-0.02763
7.21	-0.05439
7.22	-0.07798
7.23	-0.09725
7.24	-0.10935
7.25	-0.11418
7.26	-0.11759
7.27	-0.12543
7.28	-0.137
7.29	-0.14798
7.3	-0.15477
7.31	-0.15555
7.32	-0.15183
7.33	-0.1466
7.34	-0.14152
7.35	-0.13693
7.36	-0.13272
7.37	-0.12863
7.38	-0.12434
7.39	-0.11867
7.4	-0.11092
7.41	-0.10264
7.42	-0.09682
7.43	-0.09445
7.44	-0.09492
7.45	-0.09863
7.46	-0.10524
7.47	-0.1131
7.48	-0.12043
7.49	-0.12664
7.5	-0.13105
7.51	-0.12967
7.52	-0.12063
7.53	-0.10829
7.54	-0.09826
7.55	-0.09088
7.56	-0.08298
7.57	-0.07263
7.58	-0.06025
7.59	-0.0468
7.6	-0.0322
7.61	-0.01497
7.62	0.00546
7.63	0.02688
7.64	0.04468
7.65	0.05874
7.66	0.07399
7.67	0.09204
7.68	0.10842
7.69	0.12023
7.7	0.13138
7.71	0.14683
7.72	0.16571
7.73	0.18343
7.74	0.19452
7.75	0.19678
7.76	0.19358
7.77	0.1905
7.78	0.19026
7.79	0.18951
7.8	0.18334
7.81	0.1715
7.82	0.15834
7.83	0.14857
7.84	0.14165
7.85	0.13238
7.86	0.1191
7.87	0.10798
7.88	0.10294
7.89	0.10124
7.9	0.09786
7.91	0.08968
7.92	0.07791
7.93	0.06537
7.94	0.05221
7.95	0.03689
7.96	0.01838
7.97	-0.00231
7.98	-0.02314
7.99	-0.04334
8	-0.06136
8.01	-0.0752
8.02	-0.08659
8.03	-0.10068
8.04	-0.11818
8.05	-0.13331
8.06	-0.14213
8.07	-0.14638
8.08	-0.14951
8.09	-0.15268
8.1	-0.15491
8.11	-0.15453
8.12	-0.14939
8.13	-0.13958
8.14	-0.12754
8.15	-0.11536
8.16	-0.10342
8.17	-0.09117
8.18	-0.07724
8.19	-0.06036
8.2	-0.04153
8.21	-0.02301
8.22	-0.00601
8.23	0.00958
8.24	0.02403
8.25	0.03717
8.26	0.04757
8.27	0.05389
8.28	0.05537
8.29	0.05093
8.3	0.042
8.31	0.03182
8.32	0.02231
8.33	0.01316
8.34	0.00362
8.35	-0.00626
8.36	-0.016
8.37	-0.02527
8.38	-0.03386
8.39	-0.04102
8.4	-0.04624
8.41	-0.04992
8.42	-0.05271
8.43	-0.0543
8.44	-0.05289
8.45	-0.04788
8.46	-0.04072
8.47	-0.033
8.48	-0.02517
8.49	-0.01808
8.5	-0.01363
8.51	-0.01176
8.52	-0.01073
8.53	-0.01005
8.54	-0.01059
8.55	-0.01248
8.56	-0.01303
8.57	-0.00883
8.58	-0.00083
8.59	0.00668
8.6	0.00994
8.61	0.00916
8.62	0.00694
8.63	0.00487
8.64	0.00258
8.65	-0.00085
8.66	-0.00542
8.67	-0.0096
8.68	-0.01005
8.69	-0.006
8.7	-0.00007
8.71	0.0054
8.72	0.01039
8.73	0.01573
8.74	0.02239
8.75	0.0323
8.76	0.04561
8.77	0.05993
8.78	0.0729
8.79	0.08303
8.8	0.08895
8.81	0.08975
8.82	0.08649
8.83	0.0803
8.84	0.07006
8.85	0.05551
8.86	0.03744
8.87	0.01669
8.88	-0.00527
8.89	-0.02502
8.9	-0.04067
8.91	-0.05427
8.92	-0.06982
8.93	-0.0883
8.94	-0.10684
8.95	-0.12206
8.96	-0.13281
8.97	-0.14004
8.98	-0.14455
8.99	-0.14553
9	-0.14135
9.01	-0.13189
9.02	-0.11845
9.03	-0.10153
9.04	-0.07957
9.05	-0.05208
9.06	-0.01932
9.07	0.01916
9.08	0.058
9.09	0.09078
9.1	0.11724
9.11	0.141
9.12	0.16455
9.13	0.18677
9.14	0.20765
9.15	0.22721
9.16	0.23899
9.17	0.2388
9.18	0.22916
9.19	0.21402
9.2	0.19449
9.21	0.17023
9.22	0.14272
9.23	0.1153
9.24	0.08822
9.25	0.05793
9.26	0.02353
9.27	-0.01199
9.28	-0.04651
9.29	-0.07955
9.3	-0.1129
9.31	-0.1485
9.32	-0.18441
9.33	-0.2163
9.34	-0.23847
9.35	-0.24739
9.36	-0.24502
9.37	-0.23452
9.38	-0.21671
9.39	-0.19076
9.4	-0.16074
9.41	-0.13189
9.42	-0.10477
9.43	-0.07499
9.44	-0.03955
9.45	-0.00152
9.46	0.03391
9.47	0.06371
9.48	0.08545
9.49	0.09935
9.5	0.10948
9.51	0.11813
9.52	0.12463
9.53	0.1313
9.54	0.13864
9.55	0.14042
9.56	0.13345
9.57	0.12096
9.58	0.10769
9.59	0.09567
9.6	0.08439
9.61	0.0731
9.62	0.06219
9.63	0.0527
9.64	0.04532
9.65	0.03979
9.66	0.03438
9.67	0.02816
9.68	0.02233
9.69	0.01841
9.7	0.01658
9.71	0.01597
9.72	0.01521
9.73	0.01261
9.74	0.00783
9.75	0.00256
9.76	0.0004
9.77	0.00222
9.78	0.00495
9.79	0.00537
9.8	0.00134
9.81	-0.00871
9.82	-0.02359
9.83	-0.04051
9.84	-0.05774
9.85	-0.07516
9.86	-0.09252
9.87	-0.10733
9.88	-0.11797
9.89	-0.12563
9.9	-0.13284
9.91	-0.14103
9.92	-0.14896
9.93	-0.15458
9.94	-0.15705
9.95	-0.15633
9.96	-0.15158
9.97	-0.14256
9.98	-0.13099
9.99	-0.12076
10	-0.11385
10.01	-0.10842
10.02	-0.10156
10.03	-0.09025
10.04	-0.07379
10.05	-0.05499
10.06	-0.03694
10.07	-0.0203
10.08	-0.00331
10.09	0.01542
10.1	0.03417
10.11	0.05075
10.12	0.06557
10.13	0.08079
10.14	0.09769
10.15	0.11597
10.16	0.13453
10.17	0.15169
10.18	0.16707
10.19	0.18195
10.2	0.19739
10.21	0.21311
10.22	0.22801
10.23	0.24112
10.24	0.25158
10.25	0.25839
10.26	0.26097
10.27	0.2591
10.28	0.25254
10.29	0.24096
10.3	0.22416
10.31	0.20301
10.32	0.179
10.33	0.15241
10.34	0.12259
10.35	0.08804
10.36	0.04814
10.37	0.00542
10.38	-0.03686
10.39	-0.07694
10.4	-0.11376
10.41	-0.14536
10.42	-0.16919
10.43	-0.1846
10.44	-0.19231
10.45	-0.19156
10.46	-0.18159
10.47	-0.1639
10.48	-0.14106
10.49	-0.11566
10.5	-0.09053
10.51	-0.06678
10.52	-0.04397
10.53	-0.02116
10.54	0.00333
10.55	0.02861
10.56	0.05097
10.57	0.06668
10.58	0.0725
10.59	0.06818
10.6	0.05656
10.61	0.04035
10.62	0.02086
10.63	-0.00001
10.64	-0.02064
10.65	-0.04108
10.66	-0.06251
10.67	-0.08677
10.68	-0.11313
10.69	-0.13822
10.7	-0.15913
10.71	-0.17443
10.72	-0.18394
10.73	-0.1885
10.74	-0.18911
10.75	-0.18663
10.76	-0.18112
10.77	-0.17176
10.78	-0.15859
10.79	-0.14309
10.8	-0.12692
10.81	-0.11092
10.82	-0.09555
10.83	-0.08156
10.84	-0.06938
10.85	-0.05892
10.86	-0.05037
10.87	-0.04374
10.88	-0.03824
10.89	-0.03182
10.9	-0.02279
10.91	-0.01164
10.92	0.00035
10.93	0.01287
10.94	0.02658
10.95	0.0421
10.96	0.05957
10.97	0.07873
10.98	0.09895
10.99	0.11904
11	0.13856
11.01	0.1577
11.02	0.17631
11.03	0.19393
11.04	0.21102
11.05	0.22846
11.06	0.24533
11.07	0.25984
11.08	0.27158
11.09	0.28051
11.1	0.28497
11.11	0.28316
11.12	0.2756
11.13	0.2641
11.14	0.24988
11.15	0.23299
11.16	0.21223
11.17	0.18696
11.18	0.15878
11.19	0.12981
11.2	0.1011
11.21	0.07304
11.22	0.0465
11.23	0.0223
11.24	0.00046
11.25	-0.01951
11.26	-0.03793
11.27	-0.05472
11.28	-0.07021
11.29	-0.08505
11.3	-0.09897
11.31	-0.10973
11.32	-0.11555
11.33	-0.11788
11.34	-0.11948
11.35	-0.12178
11.36	-0.12489
11.37	-0.12829
11.38	-0.13116
11.39	-0.13169
11.4	-0.12931
11.41	-0.12564
11.42	-0.12273
11.43	-0.1211
11.44	-0.11976
11.45	-0.11806
11.46	-0.11596
11.47	-0.11428
11.48	-0.11454
11.49	-0.11637
11.5	-0.11691
11.51	-0.11304
11.52	-0.10478
11.53	-0.09448
11.54	-0.08438
11.55	-0.07551
11.56	-0.06714
11.57	-0.05813
11.58	-0.04829
11.59	-0.03834
11.6	-0.02899
11.61	-0.0204
11.62	-0.01231
11.63	-0.00508
11.64	0.0003
11.65	0.00297
11.66	0.00205
11.67	-0.00335
11.68	-0.0131
11.69	-0.02631
11.7	-0.04243
11.71	-0.06122
11.72	-0.08221
11.73	-0.10449
11.74	-0.12569
11.75	-0.14294
11.76	-0.15594
11.77	-0.16602
11.78	-0.17373
11.79	-0.17803
11.8	-0.1773
11.81	-0.17129
11.82	-0.16122
11.83	-0.14722
11.84	-0.12802
11.85	-0.10277
11.86	-0.07198
11.87	-0.03722
11.88	-0.00023
11.89	0.03793
11.9	0.07667
11.91	0.1151
11.92	0.15268
11.93	0.1894
11.94	0.22379
11.95	0.25236
11.96	0.2724
11.97	0.2844
11.98	0.29029
11.99	0.29104
12	0.28661
12.01	0.27708
12.02	0.26313
12.03	0.24575
12.04	0.22606
12.05	0.2066
12.06	0.19008
12.07	0.17623
12.08	0.16352
12.09	0.15191
12.1	0.14188
12.11	0.13219
12.12	0.12089
12.13	0.10818
12.14	0.09566
12.15	0.08414
12.16	0.07313
12.17	0.06179
12.18	0.04975
12.19	0.03713
12.2	0.02395
12.21	0.00929
12.22	-0.00765
12.23	-0.02606
12.24	-0.04436
12.25	-0.06157
12.26	-0.07687
12.27	-0.08862
12.28	-0.09629
12.29	-0.10111
12.3	-0.10573
12.31	-0.11161
12.32	-0.11644
12.33	-0.11693
12.34	-0.11385
12.35	-0.1108
12.36	-0.10918
12.37	-0.10773
12.38	-0.10527
12.39	-0.10217
12.4	-0.09881
12.41	-0.09461
12.42	-0.08996
12.43	-0.08633
12.44	-0.08522
12.45	-0.08759
12.46	-0.09312
12.47	-0.10024
12.48	-0.1068
12.49	-0.11218
12.5	-0.11742
12.51	-0.12328
12.52	-0.12931
12.53	-0.13449
12.54	-0.13803
12.55	-0.13958
12.56	-0.13893
12.57	-0.13575
12.58	-0.12961
12.59	-0.12002
12.6	-0.10677
12.61	-0.09025
12.62	-0.07176
12.63	-0.05192
12.64	-0.03016
12.65	-0.00587
12.66	0.02068
12.67	0.04809
12.68	0.07477
12.69	0.10044
12.7	0.12556
12.71	0.15019
12.72	0.17366
12.73	0.195
12.74	0.21347
12.75	0.22868
12.76	0.24036
12.77	0.24845
12.78	0.25295
12.79	0.25349
12.8	0.24959
12.81	0.24132
12.82	0.22996
12.83	0.21645
12.84	0.20019
12.85	0.17992
12.86	0.15505
12.87	0.1265
12.88	0.09578
12.89	0.06335
12.9	0.02885
12.91	-0.00717
12.92	-0.04322
12.93	-0.07829
12.94	-0.11211
12.95	-0.14429
12.96	-0.17406
12.97	-0.20064
12.98	-0.22317
12.99	-0.24073
13	-0.25329
13.01	-0.26143
13.02	-0.26527
13.03	-0.26427
13.04	-0.2583
13.05	-0.24812
13.06	-0.23521
13.07	-0.22046
13.08	-0.20357
13.09	-0.18371
13.1	-0.15961
13.11	-0.13124
13.12	-0.10044
13.13	-0.06938
13.14	-0.04021
13.15	-0.01417
13.16	0.00949
13.17	0.03193
13.18	0.05331
13.19	0.07294
13.2	0.09004
13.21	0.10319
13.22	0.11108
13.23	0.11503
13.24	0.11821
13.25	0.12172
13.26	0.12428
13.27	0.12574
13.28	0.1269
13.29	0.12757
13.3	0.12694
13.31	0.12442
13.32	0.12001
13.33	0.11435
13.34	0.10825
13.35	0.1028
13.36	0.09859
13.37	0.09518
13.38	0.09194
13.39	0.08878
13.4	0.08606
13.41	0.08399
13.42	0.08247
13.43	0.0813
13.44	0.08027
13.45	0.07887
13.46	0.07681
13.47	0.07426
13.48	0.07068
13.49	0.0646
13.5	0.05602
13.51	0.04632
13.52	0.03739
13.53	0.03065
13.54	0.02538
13.55	0.01975
13.56	0.01279
13.57	0.00399
13.58	-0.00773
13.59	-0.02224
13.6	-0.03831
13.61	-0.05491
13.62	-0.07161
13.63	-0.08804
13.64	-0.10319
13.65	-0.11658
13.66	-0.12874
13.67	-0.13997
13.68	-0.149
13.69	-0.15492
13.7	-0.15888
13.71	-0.16399
13.72	-0.17164
13.73	-0.17992
13.74	-0.18632
13.75	-0.18855
13.76	-0.18501
13.77	-0.17705
13.78	-0.16729
13.79	-0.15768
13.8	-0.14954
13.81	-0.14251
13.82	-0.13489
13.83	-0.1247
13.84	-0.11157
13.85	-0.09692
13.86	-0.08251
13.87	-0.07015
13.88	-0.06035
13.89	-0.0518
13.9	-0.04317
13.91	-0.03362
13.92	-0.02164
13.93	-0.00708
13.94	0.00827
13.95	0.02266
13.96	0.03455
13.97	0.04275
13.98	0.04807
13.99	0.05233
14	0.05662
14.01	0.06127
14.02	0.06598
14.03	0.07011
14.04	0.07285
14.05	0.07376
14.06	0.07339
14.07	0.07254
14.08	0.07166
14.09	0.07135
14.1	0.072
14.11	0.07315
14.12	0.07409
14.13	0.07428
14.14	0.07257
14.15	0.06843
14.16	0.06313
14.17	0.05969
14.18	0.06003
14.19	0.06274
14.2	0.06493
14.21	0.06455
14.22	0.06204
14.23	0.05915
14.24	0.05683
14.25	0.0548
14.26	0.05323
14.27	0.05379
14.28	0.05693
14.29	0.06107
14.3	0.06427
14.31	0.06612
14.32	0.06745
14.33	0.06852
14.34	0.06788
14.35	0.06483
14.36	0.06042
14.37	0.056
14.38	0.05231
14.39	0.05052
14.4	0.05095
14.41	0.05233
14.42	0.05337
14.43	0.05355
14.44	0.05126
14.45	0.045
14.46	0.03595
14.47	0.02649
14.48	0.01789
14.49	0.01019
14.5	0.00277
14.51	-0.00481
14.52	-0.0125
14.53	-0.01994
14.54	-0.02697
14.55	-0.03377
14.56	-0.04046
14.57	-0.0464
14.58	-0.05077
14.59	-0.05383
14.6	-0.05646
14.61	-0.05937
14.62	-0.06312
14.63	-0.0676
14.64	-0.07205
14.65	-0.07517
14.66	-0.07593
14.67	-0.0748
14.68	-0.07302
14.69	-0.07117
14.7	-0.06917
14.71	-0.06731
14.72	-0.06603
14.73	-0.06503
14.74	-0.06364
14.75	-0.06171
14.76	-0.05985
14.77	-0.05837
14.78	-0.0569
14.79	-0.05494
14.8	-0.05178
14.81	-0.04611
14.82	-0.0379
14.83	-0.02878
14.84	-0.02075
14.85	-0.01442
14.86	-0.00884
14.87	-0.00362
14.88	0.00073
14.89	0.00414
14.9	0.00715
14.91	0.01018
14.92	0.01337
14.93	0.01666
14.94	0.01983
14.95	0.02266
14.96	0.02526
14.97	0.0282
14.98	0.03162
14.99	0.03499
15	0.03777
15.01	0.03984
15.02	0.0413
15.03	0.04172
15.04	0.04067
15.05	0.03845
15.06	0.03566
15.07	0.03258
15.08	0.02918
15.09	0.02643
15.1	0.02587
15.11	0.02714
15.12	0.02856
15.13	0.02884
15.14	0.02728
15.15	0.02419
15.16	0.02056
15.17	0.01699
15.18	0.01348
15.19	0.00984
15.2	0.00604
15.21	0.00259
15.22	0.00036
15.23	-0.00063
15.24	-0.00112
15.25	-0.00168
15.26	-0.00225
15.27	-0.00257
15.28	-0.00251
15.29	-0.00272
15.3	-0.00476
15.31	-0.00878
15.32	-0.01337
15.33	-0.01729
15.34	-0.02043
15.35	-0.02323
15.36	-0.02521
15.37	-0.02523
15.38	-0.0234
15.39	-0.02088
15.4	-0.01852
15.41	-0.01661
15.42	-0.01486
15.43	-0.01292
15.44	-0.01065
15.45	-0.00802
15.46	-0.0049
15.47	-0.00131
15.48	0.00249
15.49	0.00629
15.5	0.00953
15.51	0.01131
15.52	0.0118
15.53	0.01191
15.54	0.01229
15.55	0.01286
15.56	0.01325
15.57	0.01306
15.58	0.01223
15.59	0.01108
15.6	0.0099
15.61	0.00871
15.62	0.00738
15.63	0.00586
15.64	0.00414
15.65	0.00167
15.66	-0.0026
15.67	-0.00826
15.68	-0.01218
15.69	-0.01175
15.7	-0.00831
15.71	-0.00488
15.72	-0.00342
15.73	-0.00395
15.74	-0.00518
15.75	-0.00614
15.76	-0.00685
15.77	-0.00772
15.78	-0.00889
15.79	-0.00996
15.8	-0.01003
15.81	-0.00893
15.82	-0.00735
15.83	-0.00596
15.84	-0.00483
15.85	-0.00372
15.86	-0.00247
15.87	-0.00114
15.88	0.00016
15.89	0.00117
15.9	0.00137
15.91	0.0007
15.92	-0.00028
15.93	-0.00107
15.94	-0.00103
15.95	0.00093
15.96	0.00472
15.97	0.00914
15.98	0.01327
15.99	0.01695
16	0.01971
16.01	0.02125
16.02	0.02202
16.03	0.02216
16.04	0.02127
16.05	0.01945
16.06	0.01625
16.07	0.01027
16.08	0.00203
16.09	-0.00459
16.1	-0.00642
16.11	-0.00483
16.12	-0.00304
16.13	-0.00245
16.14	-0.00235
16.15	-0.0018
16.16	-0.0009
16.17	-0.00111
16.18	-0.00339
16.19	-0.00694
16.2	-0.01025
16.21	-0.01201
16.22	-0.01224
16.23	-0.01197
16.24	-0.01201
16.25	-0.01232
16.26	-0.0125
16.27	-0.01194
16.28	-0.01043
16.29	-0.00843
16.3	-0.00648
16.31	-0.00474
16.32	-0.00299
16.33	-0.00099
16.34	0.00121
16.35	0.00344
16.36	0.00559
16.37	0.00769
16.38	0.00977
16.39	0.01181
16.4	0.01379
16.41	0.01575
16.42	0.0177
16.43	0.01963
16.44	0.02099
16.45	0.02107
16.46	0.02009
16.47	0.01887
16.48	0.01776
16.49	0.01618
16.5	0.01376
16.51	0.011
16.52	0.00932
16.53	0.00948
16.54	0.01073
16.55	0.01191
16.56	0.01259
16.57	0.01252
16.58	0.01145
16.59	0.00975
16.6	0.00817
16.61	0.00763
16.62	0.00823
16.63	0.00924
16.64	0.0099
16.65	0.0094
16.66	0.00755
16.67	0.00526
16.68	0.00434
16.69	0.00573
16.7	0.00842
16.71	0.01099
16.72	0.01244
16.73	0.01195
16.74	0.0099
16.75	0.00744
16.76	0.00527
16.77	0.00335
16.78	0.00135
16.79	-0.00082
16.8	-0.00304
16.81	-0.00518
16.82	-0.00703
16.83	-0.00754
16.84	-0.00612
16.85	-0.00362
16.86	-0.00142
16.87	-0.00107
16.88	-0.00291
16.89	-0.00575
16.9	-0.00839
16.91	-0.01021
16.92	-0.01008
16.93	-0.00764
16.94	-0.00407
16.95	-0.00063
16.96	0.00238
16.97	0.00526
16.98	0.00727
16.99	0.00695
17	0.00465
17.01	0.00265
17.02	0.0025
17.03	0.00357
17.04	0.00447
17.05	0.00403
17.06	0.00201
17.07	-0.00075
17.08	-0.00267
17.09	-0.00181
17.1	0.00178
17.11	0.00567
17.12	0.00705
17.13	0.00574
17.14	0.00365
17.15	0.00221
17.16	0.00132
17.17	0.0002
17.18	-0.00204
17.19	-0.0056
17.2	-0.00978
17.21	-0.01385
17.22	-0.01733
17.23	-0.01887
17.24	-0.01774
17.25	-0.01513
17.26	-0.01257
17.27	-0.01063
17.28	-0.00938
17.29	-0.00871
17.3	-0.00829
17.31	-0.00787
17.32	-0.00734
17.33	-0.00585
17.34	-0.0022
17.35	0.00328
17.36	0.00927
17.37	0.01506
17.38	0.02026
17.39	0.02403
17.4	0.02624
17.41	0.02781
17.42	0.02953
17.43	0.03113
17.44	0.03146
17.45	0.03039
17.46	0.02884
17.47	0.02807
17.48	0.02875
17.49	0.03037
17.5	0.03186
17.51	0.03225
17.52	0.03148
17.53	0.03033
17.54	0.02902
17.55	0.02588
17.56	0.01973
17.57	0.01176
17.58	0.00406
17.59	-0.0013
17.6	-0.00376
17.61	-0.00484
17.62	-0.0059
17.63	-0.00666
17.64	-0.00731
17.65	-0.0088
17.66	-0.01125
17.67	-0.01401
17.68	-0.01655
17.69	-0.01888
17.7	-0.02117
17.71	-0.02324
17.72	-0.02493
17.73	-0.02634
17.74	-0.02732
17.75	-0.02697
17.76	-0.0251
17.77	-0.02259
17.78	-0.02027
17.79	-0.01825
17.8	-0.01628
17.81	-0.01451
17.82	-0.01342
17.83	-0.01274
17.84	-0.01108
17.85	-0.00762
17.86	-0.00313
17.87	0.00086
17.88	0.0027
17.89	0.00237
17.9	0.00143
17.91	0.00167
17.92	0.00362
17.93	0.00613
17.94	0.00745
17.95	0.00714
17.96	0.0062
17.97	0.00555
17.98	0.00506
17.99	0.00379
18	0.00148
18.01	-0.00126
18.02	-0.00379
18.03	-0.00559
18.04	-0.0059
18.05	-0.00487
18.06	-0.00342
18.07	-0.0022
18.08	-0.00121
18.09	-0.00016
18.1	0.00097
18.11	0.00195
18.12	0.00265
18.13	0.00321
18.14	0.00381
18.15	0.0044
18.16	0.00475
18.17	0.0048
18.18	0.00472
18.19	0.00467
18.2	0.00414
18.21	0.00199
18.22	-0.00181
18.23	-0.00614
18.24	-0.00942
18.25	-0.01017
18.26	-0.00875
18.27	-0.00685
18.28	-0.00637
18.29	-0.00841
18.3	-0.01206
18.31	-0.01513
18.32	-0.01589
18.33	-0.01483
18.34	-0.01352
18.35	-0.01277
18.36	-0.01232
18.37	-0.01167
18.38	-0.01077
18.39	-0.00984
18.4	-0.00896
18.41	-0.00742
18.42	-0.00439
18.43	-0.00018
18.44	0.00421
18.45	0.00822
18.46	0.01104
18.47	0.01134
18.48	0.00944
18.49	0.00689
18.5	0.00479
18.51	0.00321
18.52	0.00293
18.53	0.00491
18.54	0.00854
18.55	0.01242
18.56	0.01553
18.57	0.01652
18.58	0.01492
18.59	0.01198
18.6	0.00915
18.61	0.0068
18.62	0.00454
18.63	0.00203
18.64	-0.00065
18.65	-0.00328
18.66	-0.00538
18.67	-0.00581
18.68	-0.00429
18.69	-0.00194
18.7	0.0002
18.71	0.00157
18.72	0.00159
18.73	0.00037
18.74	-0.0013
18.75	-0.00279
18.76	-0.00376
18.77	-0.00393
18.78	-0.00347
18.79	-0.00285
18.8	-0.00234
18.81	-0.00193
18.82	-0.00155
18.83	-0.00161
18.84	-0.00249
18.85	-0.00391
18.86	-0.00536
18.87	-0.00638
18.88	-0.00676
18.89	-0.00674
18.9	-0.00669
18.91	-0.00677
18.92	-0.00688
18.93	-0.00694
18.94	-0.00695
18.95	-0.00696
18.96	-0.007
18.97	-0.00706
18.98	-0.0071
18.99	-0.00712
19	-0.00712
19.01	-0.00712
19.02	-0.00734
19.03	-0.00829
19.04	-0.01003
19.05	-0.01208
19.06	-0.01402
19.07	-0.0156
19.08	-0.01621
19.09	-0.01564
19.1	-0.01446
19.11	-0.01336
19.12	-0.0125
19.13	-0.01203
19.14	-0.01248
19.15	-0.01389
19.16	-0.01566
19.17	-0.01731
19.18	-0.01876
19.19	-0.01997
19.2	-0.02021
19.21	-0.01924
19.22	-0.01767
19.23	-0.01619
19.24	-0.0149
19.25	-0.01352
19.26	-0.0119
19.27	-0.0102
19.28	-0.00885
19.29	-0.00846
19.3	-0.00895
19.31	-0.00956
19.32	-0.00905
19.33	-0.00684
19.34	-0.00381
19.35	-0.00171
19.36	-0.0015
19.37	-0.0024
19.38	-0.00309
19.39	-0.00292
19.4	-0.00223
19.41	-0.00163
19.42	-0.00165
19.43	-0.00256
19.44	-0.00407
19.45	-0.00534
19.46	-0.00364
19.47	0.00316
19.48	0.01281
19.49	0.02008
19.5	0.02282
19.51	0.02319
19.52	0.02277
19.53	0.02114
19.54	0.01804
19.55	0.01413
19.56	0.01234
19.57	0.01517
19.58	0.02127
19.59	0.02759
19.6	0.03207
19.61	0.03404
19.62	0.03454
19.63	0.03498
19.64	0.03583
19.65	0.0363
19.66	0.03462
19.67	0.03045
19.68	0.02527
19.69	0.02044
19.7	0.01624
19.71	0.01323
19.72	0.01234
19.73	0.01314
19.74	0.0143
19.75	0.01508
19.76	0.01559
19.77	0.01619
19.78	0.01632
19.79	0.01478
19.8	0.01162
19.81	0.00818
19.82	0.00562
19.83	0.00389
19.84	0.00225
19.85	0.00055
19.86	-0.00084
19.87	-0.00178
19.88	-0.00253
19.89	-0.0034
19.9	-0.00461
19.91	-0.00613
19.92	-0.00773
19.93	-0.00929
19.94	-0.01079
19.95	-0.0123
19.96	-0.01386
19.97	-0.01542
19.98	-0.01684
19.99	-0.01713
20	-0.01538
20.01	-0.01225
20.02	-0.00914
20.03	-0.00772
20.04	-0.00877
20.05	-0.01116
20.06	-0.01276
20.07	-0.01233
20.08	-0.01063
20.09	-0.00897
20.1	-0.00781
20.11	-0.00685
20.12	-0.00592
20.13	-0.00515
20.14	-0.00461
20.15	-0.00416
20.16	-0.00368
20.17	-0.00318
20.18	-0.00322
20.19	-0.00468
20.2	-0.00744
20.21	-0.01055
20.22	-0.0133
20.23	-0.01492
20.24	-0.01479
20.25	-0.01347
20.26	-0.01252
20.27	-0.01351
20.28	-0.01625
20.29	-0.0194
20.3	-0.02148
20.31	-0.02106
20.32	-0.01843
20.33	-0.01603
20.34	-0.01618
20.35	-0.01846
20.36	-0.02103
20.37	-0.02281
20.38	-0.02333
20.39	-0.02248
20.4	-0.02087
20.41	-0.01921
20.42	-0.01785
20.43	-0.01688
20.44	-0.01621
20.45	-0.01557
20.46	-0.01461
20.47	-0.01306
20.48	-0.0111
20.49	-0.0091
20.5	-0.00722
20.51	-0.00539
20.52	-0.00353
20.53	-0.00166
20.54	0.00014
20.55	0.00186
20.56	0.00357
20.57	0.00529
20.58	0.00704
20.59	0.00874
20.6	0.01026
20.61	0.01159
20.62	0.01284
20.63	0.01411
20.64	0.01534
20.65	0.01586
20.66	0.01508
20.67	0.01341
20.68	0.01166
20.69	0.01023
20.7	0.00911
20.71	0.00821
20.72	0.00739
20.73	0.00656
20.74	0.00539
20.75	0.00325
20.76	0.00015
20.77	-0.00314
20.78	-0.00521
20.79	-0.00518
20.8	-0.00388
20.81	-0.00282
20.82	-0.0028
20.83	-0.00341
20.84	-0.00393
20.85	-0.00416
20.86	-0.00431
20.87	-0.00459
20.88	-0.00463
20.89	-0.00364
20.9	-0.00158
20.91	0.00084
20.92	0.00305
20.93	0.00481
20.94	0.00559
20.95	0.00532
20.96	0.00456
20.97	0.0039
20.98	0.00342
20.99	0.00302
21	0.00295
21.01	0.00365
21.02	0.00492
21.03	0.00629
21.04	0.0075
21.05	0.00857
21.06	0.00922
21.07	0.00899
21.08	0.00806
21.09	0.00698
21.1	0.00607
21.11	0.00528
21.12	0.00443
21.13	0.00347
21.14	0.0024
21.15	0.0013
21.16	0.00022
21.17	-0.00082
21.18	-0.00142
21.19	-0.00086
21.2	0.00076
21.21	0.00267
21.22	0.00397
21.23	0.00378
21.24	0.0022
21.25	0.0002
21.26	-0.00148
21.27	-0.00214
21.28	-0.00127
21.29	0.00065
21.3	0.0027
21.31	0.00448
21.32	0.00604
21.33	0.00704
21.34	0.00707
21.35	0.00643
21.36	0.00572
21.37	0.0052
21.38	0.00488
21.39	0.00514
21.4	0.00623
21.41	0.00784
21.42	0.00947
21.43	0.01092
21.44	0.01228
21.45	0.01307
21.46	0.01223
21.47	0.00988
21.48	0.00706
21.49	0.00455
21.5	0.00262
21.51	0.00184
21.52	0.00232
21.53	0.00337
21.54	0.00433
21.55	0.00501
21.56	0.00514
21.57	0.00431
21.58	0.00272
21.59	0.00099
21.6	-0.00056
21.61	-0.00169
21.62	-0.00195
21.63	-0.00137
21.64	-0.0005
21.65	0.00024
21.66	0.00084
21.67	0.00146
21.68	0.00216
21.69	0.00291
21.7	0.00362
21.71	0.0043
21.72	0.00498
21.73	0.00561
21.74	0.00555
21.75	0.00406
21.76	0.0015
21.77	-0.00123
21.78	-0.00342
21.79	-0.00444
21.8	-0.00437
21.81	-0.00391
21.82	-0.0036
21.83	-0.00347
21.84	-0.00331
21.85	-0.00295
21.86	-0.00209
21.87	-0.0006
21.88	0.00112
21.89	0.00202
21.9	0.00133
21.91	-0.00039
21.92	-0.00214
21.93	-0.0035
21.94	-0.00386
21.95	-0.00214
21.96	0.00136
21.97	0.00469
21.98	0.00648
21.99	0.00721
22	0.00799
22.01	0.00908
22.02	0.00951
22.03	0.00868
22.04	0.00714
22.05	0.00568
22.06	0.00455
22.07	0.00356
22.08	0.00278
22.09	0.00233
22.1	0.00213
22.11	0.00196
22.12	0.00172
22.13	0.0014
22.14	0.00096
22.15	0.00041
22.16	-0.00019
22.17	-0.00078
22.18	-0.00134
22.19	-0.00192
22.2	-0.0025
22.21	-0.00311
22.22	-0.00371
22.23	-0.00429
22.24	-0.00452
22.25	-0.00384
22.26	-0.00233
22.27	-0.0007
22.28	-0.00004
22.29	-0.00081
22.3	-0.00234
22.31	-0.00379
22.32	-0.00493
22.33	-0.00602
22.34	-0.00725
22.35	-0.0086
22.36	-0.00982
22.37	-0.01018
22.38	-0.00908
22.39	-0.00701
22.4	-0.00488
22.41	-0.00305
22.42	-0.00134
22.43	0.00044
22.44	0.00216
22.45	0.00365
22.46	0.00497
22.47	0.00628
22.48	0.00765
22.49	0.00906
22.5	0.0103
22.51	0.01079
22.52	0.01034
22.53	0.00942
22.54	0.00858
22.55	0.00794
22.56	0.00732
22.57	0.0066
22.58	0.00582
22.59	0.00507
22.6	0.00451
22.61	0.00424
22.62	0.00416
22.63	0.00411
22.64	0.004
22.65	0.00399
22.66	0.00448
22.67	0.00558
22.68	0.00694
22.69	0.0082
22.7	0.00899
22.71	0.00894
22.72	0.00829
22.73	0.00753
22.74	0.00692
22.75	0.0064
22.76	0.00582
22.77	0.00517
22.78	0.00451
22.79	0.00389
22.8	0.00328
22.81	0.00269
22.82	0.0023
22.83	0.00233
22.84	0.00269
22.85	0.0031
22.86	0.00343
22.87	0.00361
22.88	0.00328
22.89	0.00221
22.9	0.0007
22.91	-0.00079
22.92	-0.00185
22.93	-0.00203
22.94	-0.00145
22.95	-0.00065
22.96	0
22.97	0.00053
22.98	0.0011
22.99	0.00175
23	0.00239
23.01	0.00246
23.02	0.00145
23.03	-0.00035
23.04	-0.00227
23.05	-0.00395
23.06	-0.00552
23.07	-0.00703
23.08	-0.0083
23.09	-0.00928
23.1	-0.01013
23.11	-0.01101
23.12	-0.01195
23.13	-0.01289
23.14	-0.01372
23.15	-0.0143
23.16	-0.01468
23.17	-0.01502
23.18	-0.0154
23.19	-0.01581
23.2	-0.01621
23.21	-0.01646
23.22	-0.01627
23.23	-0.01563
23.24	-0.01481
23.25	-0.01406
23.26	-0.0134
23.27	-0.01273
23.28	-0.01201
23.29	-0.01124
23.3	-0.01047
23.31	-0.0097
23.32	-0.00895
23.33	-0.00818
23.34	-0.00741
23.35	-0.00664
23.36	-0.00588
23.37	-0.00511
23.38	-0.00434
23.39	-0.00358
23.4	-0.00281
23.41	-0.00207
23.42	-0.00159
23.43	-0.00156
23.44	-0.00184
23.45	-0.00215
23.46	-0.00237
23.47	-0.00254
23.48	-0.00275
23.49	-0.00297
23.5	-0.00286
23.51	-0.00207
23.52	-0.00075
23.53	0.00064
23.54	0.00185
23.55	0.00242
23.56	0.00157
23.57	-0.00054
23.58	-0.00301
23.59	-0.00537
23.6	-0.00733
23.61	-0.00912
23.62	-0.00997
23.63	-0.00942
23.64	-0.00809
23.65	-0.00682
23.66	-0.00585
23.67	-0.00495
23.68	-0.00392
23.69	-0.00278
23.7	-0.00166
23.71	-0.00061
23.72	0.00041
23.73	0.00145
23.74	0.00251
23.75	0.00354
23.76	0.00442
23.77	0.00507
23.78	0.00558
23.79	0.00608
23.8	0.00663
23.81	0.00718
23.82	0.00771
23.83	0.00821
23.84	0.00871
23.85	0.00921
23.86	0.00971
23.87	0.0102
23.88	0.01066
23.89	0.0109
23.9	0.01066
23.91	0.01002
23.92	0.0093
23.93	0.00868
23.94	0.00812
23.95	0.00752
23.96	0.0067
23.97	0.00556
23.98	0.00423
23.99	0.00291
24	0.00167
24.01	0.00046
24.02	-0.00076
24.03	-0.00183
24.04	-0.00228
24.05	-0.00198
24.06	-0.00136
24.07	-0.00082
24.08	-0.00045
24.09	-0.00008
24.1	0.00035
24.11	0.00083
24.12	0.00128
24.13	0.00174
24.14	0.00238
24.15	0.00326
24.16	0.00424
24.17	0.00517
24.18	0.00602
24.19	0.00686
24.2	0.0077
24.21	0.00854
24.22	0.00932
24.23	0.00995
24.24	0.01038
24.25	0.01072
24.26	0.01106
24.27	0.01142
24.28	0.01177
24.29	0.01198
24.3	0.01187
24.31	0.01145
24.32	0.01095
24.33	0.0105
24.34	0.01011
24.35	0.0097
24.36	0.00927
24.37	0.00882
24.38	0.00839
24.39	0.00798
24.4	0.00756
24.41	0.00715
24.42	0.00673
24.43	0.00632
24.44	0.00591
24.45	0.00542
24.46	0.00476
24.47	0.004
24.48	0.00323
24.49	0.00251
24.5	0.00182
24.51	0.00114
24.52	0.00046
24.53	-0.00021
24.54	-0.00084
24.55	-0.0014
24.56	-0.00181
24.57	-0.00211
24.58	-0.00237
24.59	-0.00266
24.6	-0.00295
24.61	-0.00322
24.62	-0.00347
24.63	-0.00372
24.64	-0.00395
24.65	-0.00419
24.66	-0.00441
24.67	-0.00463
24.68	-0.00483
24.69	-0.00512
24.7	-0.00559
24.71	-0.00624
24.72	-0.0069
24.73	-0.00753
24.74	-0.0083
24.75	-0.00932
24.76	-0.01048
24.77	-0.01157
24.78	-0.01239
24.79	-0.01256
24.8	-0.01203
24.81	-0.01122
24.82	-0.01051
24.83	-0.00994
24.84	-0.00939
24.85	-0.00902
24.86	-0.0091
24.87	-0.00959
24.88	-0.01016
24.89	-0.0106
24.9	-0.01085
24.91	-0.01071
24.92	-0.01007
24.93	-0.00915
24.94	-0.00826
24.95	-0.00748
24.96	-0.00676
24.97	-0.00601
24.98	-0.00529
24.99	-0.00484
25	-0.00478
25.01	-0.00494
25.02	-0.00507
25.03	-0.00509
25.04	-0.00506
25.05	-0.00501
25.06	-0.00476
25.07	-0.0041
25.08	-0.00319
25.09	-0.0023
25.1	-0.00154
25.11	-0.00086
25.12	-0.00022
25.13	0.00033
25.14	0.00072
25.15	0.001
25.16	0.00126
25.17	0.00153
25.18	0.00185
25.19	0.00228
25.2	0.00281
25.21	0.00333
25.22	0.00378
25.23	0.00415
25.24	0.00448
25.25	0.00475
25.26	0.00495
25.27	0.00505
25.28	0.0051
25.29	0.00514
25.3	0.00514
25.31	0.00504
25.32	0.00483
25.33	0.00457
25.34	0.00434
25.35	0.00412
25.36	0.00392
25.37	0.00372
25.38	0.00351
25.39	0.00331
25.4	0.00313
25.41	0.00295
25.42	0.00276
25.43	0.00256
25.44	0.00235
25.45	0.00216
25.46	0.00198
25.47	0.00182
25.48	0.00167
25.49	0.00153
25.5	0.0014
25.51	0.00127
25.52	0.00114
25.53	0.00102
25.54	0.00092
25.55	0.00082
25.56	0.00074
25.57	0.00067
25.58	0.00061
25.59	0.00055
25.6	0.00051
25.61	0.00047
25.62	0.00045
25.63	0.00045
25.64	0.00045
25.65	0.00044
25.66	0.00043
25.67	0.00042
25.68	0.00041
25.69	0.0004
25.7	0.00039
25.71	0.00037
25.72	0.00036
25.73	0.00033
25.74	0.00031
25.75	0.00029
25.76	0.00028
25.77	0.00026
25.78	0.00025
25.79	0.00024
25.8	0.00022
25.81	0.00021
25.82	0.0002
25.83	0.00018
25.84	0.00017
25.85	0.00016
25.86	0.00014
25.87	0.00013
25.88	0.00012
25.89	0.0001
25.9	0.00009
25.91	0.00007
25.92	0.00006
25.93	0.00004
25.94	0.00003
25.95	0.00001
25.96	0
25.97	-0.00002
25.98	-0.00003
25.99	-0.00005
26	-0.00007
26.01	-0.00008
26.02	-0.0001
26.03	-0.00011
26.04	-0.00013
26.05	-0.00014
26.06	-0.00016
26.07	-0.00017
26.08	-0.00019
26.09	-0.0002
26.1	-0.00022
26.11	-0.00023
26.12	-0.00025
26.13	-0.00026
26.14	-0.00028
26.15	-0.00029
26.16	-0.0003
26.17	-0.00032
26.18	-0.00033
