0	0
0.01	-0.01639
0.02	-0.01493
0.03	-0.01332
0.04	-0.0116
0.05	-0.00976
0.06	-0.00784
0.07	-0.00587
0.08	-0.00386
0.09	-0.00179
0.1	0.00038
0.11	0.00265
0.12	0.0048
0.13	0.00667
0.14	0.00734
0.15	0.00513
0.16	0.0055
0.17	0.00768
0.18	0.00875
0.19	0.011
0.2	0.01258
0.21	0.01474
0.22	0.01716
0.23	0.018
0.24	0.01642
0.25	0.01553
0.26	0.01387
0.27	0.01026
0.28	-0.00025
0.29	-0.01696
0.3	-0.02546
0.31	-0.02099
0.32	-0.00705
0.33	-0.00138
0.34	-0.02729
0.35	-0.03599
0.36	-0.02251
0.37	-0.01785
0.38	-0.02293
0.39	-0.04001
0.4	-0.05299
0.41	-0.06023
0.42	-0.03557
0.43	-0.02052
0.44	-0.01689
0.45	-0.01348
0.46	-0.03052
0.47	-0.04248
0.48	-0.04855
0.49	-0.05031
0.5	-0.06458
0.51	-0.07801
0.52	-0.06412
0.53	-0.00893
0.54	0.029
0.55	0.01106
0.56	-0.00398
0.57	-0.0436
0.58	-0.05844
0.59	-0.04769
0.6	-0.06085
0.61	-0.05704
0.62	-0.04784
0.63	-0.0402
0.64	-0.03082
0.65	-0.02372
0.66	-0.03387
0.67	-0.05461
0.68	-0.07372
0.69	-0.07271
0.7	-0.06527
0.71	-0.04929
0.72	-0.03621
0.73	-0.02653
0.74	-0.0374
0.75	-0.04921
0.76	-0.05924
0.77	-0.0755
0.78	-0.08077
0.79	-0.07108
0.8	-0.05768
0.81	-0.02803
0.82	0.03455
0.83	0.06885
0.84	0.08322
0.85	0.06053
0.86	0.04524
0.87	0.08245
0.88	0.10344
0.89	0.11056
0.9	0.12117
0.91	0.08583
0.92	0.05774
0.93	0.08547
0.94	0.14334
0.95	0.14987
0.96	0.0922
0.97	0.05732
0.98	0.03303
0.99	0.00923
1	0.05024
1.01	0.08732
1.02	0.12417
1.03	0.18257
1.04	0.26676
1.05	0.32518
1.06	0.36235
1.07	0.41887
1.08	0.46774
1.09	0.5037
1.1	0.47813
1.11	0.42392
1.12	0.36637
1.13	0.26481
1.14	0.20319
1.15	0.19517
1.16	0.22459
1.17	0.22318
1.18	0.22981
1.19	0.24845
1.2	0.23508
1.21	0.20414
1.22	0.16261
1.23	0.08885
1.24	-0.03078
1.25	-0.14023
1.26	-0.14337
1.27	-0.18201
1.28	-0.23629
1.29	-0.20892
1.3	-0.19811
1.31	-0.21828
1.32	-0.26662
1.33	-0.32495
1.34	-0.37786
1.35	-0.37681
1.36	-0.39012
1.37	-0.34597
1.38	-0.25381
1.39	-0.17446
1.4	-0.1605
1.41	-0.14215
1.42	-0.1672
1.43	-0.20536
1.44	-0.27205
1.45	-0.36799
1.46	-0.38758
1.47	-0.39268
1.48	-0.36713
1.49	-0.25238
1.5	-0.11633
1.51	-0.1331
1.52	-0.07252
1.53	-0.07162
1.54	-0.09621
1.55	-0.07052
1.56	-0.04176
1.57	-0.02306
1.58	0.03544
1.59	0.0541
1.6	-0.0041
1.61	-0.01304
1.62	-0.01411
1.63	-0.03353
1.64	-0.00515
1.65	0.01994
1.66	0.00543
1.67	-0.0249
1.68	-0.09762
1.69	-0.15825
1.7	-0.13829
1.71	-0.1013
1.72	-0.07636
1.73	-0.04827
1.74	-0.03884
1.75	-0.05144
1.76	-0.04629
1.77	-0.04871
1.78	-0.04695
1.79	-0.03996
1.8	-0.02934
1.81	-0.01378
1.82	0.02403
1.83	0.0762
1.84	0.14003
1.85	0.16061
1.86	0.15773
1.87	0.18817
1.88	0.21737
1.89	0.2758
1.9	0.3649
1.91	0.46451
1.92	0.51868
1.93	0.50365
1.94	0.4882
1.95	0.42003
1.96	0.17966
1.97	0.05253
1.98	0.08004
1.99	0.12578
2	0.14454
2.01	0.14216
2.02	0.15446
2.03	0.12292
2.04	0.06958
2.05	0.02727
2.06	-0.02742
2.07	-0.08601
2.08	-0.09198
2.09	-0.07414
2.1	-0.05538
2.11	-0.00102
2.12	0.04421
2.13	0.02255
2.14	-0.00933
2.15	-0.06042
2.16	-0.18485
2.17	-0.24024
2.18	-0.22303
2.19	-0.25067
2.2	-0.27015
2.21	-0.23586
2.22	-0.19122
2.23	-0.12387
2.24	-0.0389
2.25	0.09885
2.26	0.09409
2.27	0.06565
2.28	0.02755
2.29	-0.12659
2.3	-0.23944
2.31	-0.27476
2.32	-0.16766
2.33	-0.08337
2.34	-0.00261
2.35	0.08459
2.36	0.08038
2.37	0.03882
2.38	-0.00931
2.39	-0.07459
2.4	-0.0961
2.41	-0.08436
2.42	-0.10343
2.43	-0.13154
2.44	-0.15719
2.45	-0.21481
2.46	-0.21532
2.47	-0.16927
2.48	-0.13373
2.49	-0.08938
2.5	-0.05182
2.51	-0.01419
2.52	0.01824
2.53	0.04321
2.54	0.05819
2.55	0.0795
2.56	0.14574
2.57	0.17857
2.58	0.19313
2.59	0.18984
2.6	0.13244
2.61	0.09363
2.62	0.03359
2.63	-0.09643
2.64	-0.15306
2.65	-0.15073
2.66	-0.13719
2.67	-0.11577
2.68	-0.05015
2.69	0.06915
2.7	0.15783
2.71	0.21055
2.72	0.27285
2.73	0.34007
2.74	0.23506
2.75	0.11728
2.76	-0.00831
2.77	-0.21314
2.78	-0.20536
2.79	-0.03536
2.8	-0.04539
2.81	-0.02437
2.82	-0.05397
2.83	-0.09434
2.84	-0.09939
2.85	-0.11527
2.86	-0.07446
2.87	-0.00534
2.88	0.04025
2.89	0.12355
2.9	0.22764
2.91	0.224
2.92	0.22767
2.93	0.25261
2.94	0.25326
2.95	0.23192
2.96	0.18039
2.97	0.16042
2.98	0.14955
2.99	0.13742
3	0.16242
3.01	0.17564
3.02	0.13509
3.03	0.00913
3.04	-0.15489
3.05	-0.25291
3.06	-0.25311
3.07	-0.25839
3.08	-0.26421
3.09	-0.25008
3.1	-0.207
3.11	-0.15984
3.12	-0.19794
3.13	-0.22781
3.14	-0.2076
3.15	-0.19894
3.16	-0.16935
3.17	-0.13236
3.18	-0.11605
3.19	-0.09671
3.2	-0.12315
3.21	-0.135
3.22	-0.10294
3.23	-0.06262
3.24	-0.00094
3.25	0.10403
3.26	0.18874
3.27	0.20862
3.28	0.18857
3.29	0.17209
3.3	0.15778
3.31	0.12771
3.32	0.09514
3.33	0.06046
3.34	0.03704
3.35	0.02941
3.36	0.03311
3.37	0.04359
3.38	0.0625
3.39	0.08083
3.4	0.10237
3.41	0.12921
3.42	0.1492
3.43	0.1688
3.44	0.14995
3.45	0.10459
3.46	0.09553
3.47	0.06878
3.48	0.06714
3.49	0.10064
3.5	0.12969
3.51	0.15318
3.52	0.1641
3.53	0.17496
3.54	0.15055
3.55	0.09757
3.56	0.03611
3.57	-0.0436
3.58	-0.07563
3.59	-0.0966
3.6	-0.14509
3.61	-0.19307
3.62	-0.23121
3.63	-0.2754
3.64	-0.31805
3.65	-0.33262
3.66	-0.33367
3.67	-0.29897
3.68	-0.26081
3.69	-0.21204
3.7	-0.17827
3.71	-0.19998
3.72	-0.19626
3.73	-0.202
3.74	-0.21433
3.75	-0.19198
3.76	-0.18144
3.77	-0.18289
3.78	-0.17458
3.79	-0.15908
3.8	-0.14168
3.81	-0.07617
3.82	0.00865
3.83	0.08292
3.84	0.09929
3.85	0.09287
3.86	0.12618
3.87	0.15062
3.88	0.15885
3.89	0.15954
3.9	0.1396
3.91	0.12718
3.92	0.12934
3.93	0.14114
3.94	0.1442
3.95	0.17328
3.96	0.19151
3.97	0.1852
3.98	0.18706
3.99	0.15747
4	0.12235
4.01	0.08258
4.02	0.05595
4.03	0.054
4.04	0.05808
4.05	0.06884
4.06	0.09405
4.07	0.12024
4.08	0.15751
4.09	0.18949
4.1	0.21918
4.11	0.23052
4.12	0.24291
4.13	0.22228
4.14	0.17801
4.15	0.14481
4.16	0.10787
4.17	0.04264
4.18	-0.04725
4.19	-0.11433
4.2	-0.17877
4.21	-0.17208
4.22	-0.17292
4.23	-0.202
4.24	-0.22706
4.25	-0.23661
4.26	-0.23647
4.27	-0.22767
4.28	-0.21023
4.29	-0.19148
4.3	-0.17841
4.31	-0.17579
4.32	-0.17923
4.33	-0.17963
4.34	-0.17129
4.35	-0.14761
4.36	-0.11361
4.37	-0.05004
4.38	0.00722
4.39	0.07256
4.4	0.13556
4.41	0.13591
4.42	0.13934
4.43	0.16279
4.44	0.1631
4.45	0.15094
4.46	0.10872
4.47	-0.04022
4.48	-0.16081
4.49	-0.18869
4.5	-0.21524
4.51	-0.22226
4.52	-0.19981
4.53	-0.17358
4.54	-0.09622
4.55	-0.00318
4.56	0.06522
4.57	0.14312
4.58	0.20291
4.59	0.22302
4.6	0.23248
4.61	0.22757
4.62	0.21775
4.63	0.18698
4.64	0.15099
4.65	0.12232
4.66	0.06299
4.67	0.0189
4.68	0.05345
4.69	0.07456
4.7	0.0923
4.71	0.13712
4.72	0.16673
4.73	0.19674
4.74	0.23319
4.75	0.19665
4.76	0.15447
4.77	0.10032
4.78	0.01709
4.79	-0.04843
4.8	-0.03359
4.81	-0.0483
4.82	-0.0838
4.83	-0.09749
4.84	-0.09626
4.85	-0.09051
4.86	-0.08756
4.87	-0.07838
4.88	-0.06809
4.89	-0.05635
4.9	-0.03457
4.91	-0.018
4.92	-0.00274
4.93	0.01581
4.94	0.02501
4.95	0.03477
4.96	0.0461
4.97	0.04654
4.98	0.03747
4.99	0.02422
5	0.01122
5.01	-0.03005
5.02	-0.09656
5.03	-0.13898
5.04	-0.18619
5.05	-0.22073
5.06	-0.2251
5.07	-0.24044
5.08	-0.241
5.09	-0.22873
5.1	-0.20214
5.11	-0.17179
5.12	-0.16618
5.13	-0.15717
5.14	-0.13591
5.15	-0.12201
5.16	-0.10366
5.17	-0.07793
5.18	-0.05526
5.19	-0.04829
5.2	-0.05549
5.21	-0.05122
5.22	-0.05502
5.23	-0.05251
5.24	-0.01475
5.25	0.01182
5.26	0.0237
5.27	0.03199
5.28	0.04476
5.29	0.05979
5.3	0.08732
5.31	0.11432
5.32	0.16024
5.33	0.19548
5.34	0.20761
5.35	0.21241
5.36	0.22259
5.37	0.24642
5.38	0.26813
5.39	0.28282
5.4	0.3009
5.41	0.30548
5.42	0.2769
5.43	0.25696
5.44	0.20266
5.45	0.12833
5.46	0.09264
5.47	0.04493
5.48	0.01989
5.49	0.00913
5.5	-0.00578
5.51	0.00024
5.52	-0.00179
5.53	-0.00302
5.54	-0.01831
5.55	-0.0472
5.56	-0.07094
5.57	-0.10356
5.58	-0.1276
5.59	-0.14438
5.6	-0.15924
5.61	-0.1497
5.62	-0.14579
5.63	-0.1455
5.64	-0.14903
5.65	-0.15759
5.66	-0.15977
5.67	-0.16018
5.68	-0.14048
5.69	-0.11984
5.7	-0.07738
5.71	-0.02827
5.72	-0.02242
5.73	-0.00514
5.74	0.0104
5.75	0.01623
5.76	0.02885
5.77	0.03806
5.78	0.02936
5.79	0.02291
5.8	0.01837
5.81	-0.01837
5.82	-0.04138
5.83	-0.04147
5.84	-0.05929
5.85	-0.08123
5.86	-0.09375
5.87	-0.09964
5.88	-0.10698
5.89	-0.08443
5.9	-0.05869
5.91	-0.02878
5.92	0.00129
5.93	0.00567
5.94	0.01801
5.95	0.00765
5.96	-0.03978
5.97	-0.08281
5.98	-0.1233
5.99	-0.13379
6	-0.14462
6.01	-0.15469
6.02	-0.1418
6.03	-0.10479
6.04	-0.0467
6.05	0.03244
6.06	0.05047
6.07	0.04435
6.08	0.08831
6.09	0.1145
6.1	0.13546
6.11	0.1636
6.12	0.16894
6.13	0.17785
6.14	0.18728
6.15	0.18497
6.16	0.17854
6.17	0.17873
6.18	0.17858
6.19	0.17663
6.2	0.17243
6.21	0.16517
6.22	0.15418
6.23	0.13395
6.24	0.11575
6.25	0.08897
6.26	0.06705
6.27	0.05253
6.28	0.03225
6.29	0.01377
6.3	-0.00178
6.31	-0.01916
6.32	-0.03579
6.33	-0.05001
6.34	-0.06519
6.35	-0.08097
6.36	-0.09739
6.37	-0.11498
6.38	-0.14612
6.39	-0.18277
6.4	-0.20391
6.41	-0.20883
6.42	-0.21243
6.43	-0.17409
6.44	-0.13847
6.45	-0.06937
6.46	0.00858
6.47	-0.0199
6.48	-0.03479
6.49	-0.0085
6.5	0.00035
6.51	0.01559
6.52	0.06509
6.53	0.09376
6.54	0.10984
6.55	0.12058
6.56	0.09709
6.57	0.09124
6.58	0.09346
6.59	0.09426
6.6	0.09351
6.61	0.08486
6.62	0.05909
6.63	0.00341
6.64	-0.02746
6.65	-0.02314
6.66	-0.05069
6.67	-0.06692
6.68	-0.0715
6.69	-0.08567
6.7	-0.09229
6.71	-0.09793
6.72	-0.13222
6.73	-0.15781
6.74	-0.15019
6.75	-0.15136
6.76	-0.12981
6.77	-0.1058
6.78	-0.08995
6.79	-0.07292
6.8	-0.06688
6.81	-0.05904
6.82	-0.0499
6.83	-0.04443
6.84	-0.03651
6.85	-0.01078
6.86	0.01699
6.87	0.04022
6.88	0.07433
6.89	0.10641
6.9	0.13554
6.91	0.15871
6.92	0.1588
6.93	0.1677
6.94	0.16626
6.95	0.14928
6.96	0.14487
6.97	0.13606
6.98	0.13032
6.99	0.13502
7	0.13445
7.01	0.11441
7.02	0.07375
7.03	0.07181
7.04	0.07762
7.05	0.07997
7.06	0.07755
7.07	0.06526
7.08	0.05729
7.09	0.04998
7.1	0.03849
7.11	0.02346
7.12	0.00304
7.13	-0.0154
7.14	-0.03677
7.15	-0.06087
7.16	-0.08282
7.17	-0.10333
7.18	-0.12543
7.19	-0.14174
7.2	-0.15373
7.21	-0.15993
7.22	-0.13811
7.23	-0.11822
7.24	-0.08384
7.25	-0.04893
7.26	-0.0239
7.27	0.00572
7.28	0.04518
7.29	0.07297
7.3	0.06729
7.31	0.07607
7.32	0.07012
7.33	0.0424
7.34	0.01241
7.35	-0.04697
7.36	-0.07792
7.37	-0.08773
7.38	-0.10569
7.39	-0.10505
7.4	-0.10968
7.41	-0.10161
7.42	-0.07949
7.43	-0.04615
7.44	0.00412
7.45	0.03271
7.46	0.06331
7.47	0.07142
7.48	0.06905
7.49	0.07947
7.5	0.08058
7.51	0.08027
7.52	0.08137
7.53	0.07381
7.54	0.06797
7.55	0.05651
7.56	0.03527
7.57	0.02087
7.58	0.00272
7.59	-0.01764
7.6	-0.03392
7.61	-0.03024
7.62	-0.01912
7.63	-0.01983
7.64	-0.02957
7.65	-0.04682
7.66	-0.05582
7.67	-0.0656
7.68	-0.07757
7.69	-0.08682
7.7	-0.08183
7.71	-0.07507
7.72	-0.07474
7.73	-0.07237
7.74	-0.06911
7.75	-0.0661
7.76	-0.04858
7.77	-0.02163
7.78	-0.00825
7.79	0.00344
7.8	0.01458
7.81	0.00037
7.82	-0.00826
7.83	-0.01147
7.84	-0.02227
7.85	0.00573
7.86	0.06912
7.87	0.09096
7.88	0.09599
7.89	0.07464
7.9	0.06926
7.91	0.06403
7.92	0.06687
7.93	0.07352
7.94	0.07388
7.95	0.06624
7.96	0.05176
7.97	0.03013
7.98	-0.02912
7.99	-0.05933
8	-0.0617
8.01	-0.08444
8.02	-0.07926
8.03	-0.07293
8.04	-0.0767
8.05	-0.07276
8.06	-0.0694
8.07	-0.06825
8.08	-0.06561
8.09	-0.06317
8.1	-0.0636
8.11	-0.06821
8.12	-0.07049
8.13	-0.07343
8.14	-0.07931
8.15	-0.08394
8.16	-0.0865
8.17	-0.08653
8.18	-0.08741
8.19	-0.08029
8.2	-0.06935
8.21	-0.05163
8.22	-0.01641
8.23	0.00662
8.24	0.02577
8.25	0.04873
8.26	0.06154
8.27	0.07617
8.28	0.09198
8.29	0.09282
8.3	0.07901
8.31	0.0686
8.32	0.06063
8.33	0.04838
8.34	0.04418
8.35	0.05919
8.36	0.06655
8.37	0.07716
8.38	0.09535
8.39	0.11252
8.4	0.14583
8.41	0.16709
8.42	0.16117
8.43	0.16927
8.44	0.17889
8.45	0.18025
8.46	0.18466
8.47	0.18025
8.48	0.16838
8.49	0.15651
8.5	0.12373
8.51	0.09483
8.52	0.05633
8.53	0.01246
8.54	-0.01023
8.55	-0.00779
8.56	-0.00043
8.57	0.01084
8.58	0.01586
8.59	-0.00697
8.6	-0.02336
8.61	-0.04598
8.62	-0.09544
8.63	-0.12781
8.64	-0.13918
8.65	-0.15967
8.66	-0.168
8.67	-0.16745
8.68	-0.17575
8.69	-0.17982
8.7	-0.1818
8.71	-0.18622
8.72	-0.18462
8.73	-0.16248
8.74	-0.14763
8.75	-0.13928
8.76	-0.12521
8.77	-0.12758
8.78	-0.13396
8.79	-0.13109
8.8	-0.11886
8.81	-0.10165
8.82	-0.07624
8.83	-0.03846
8.84	-0.01549
8.85	0.0041
8.86	0.03238
8.87	0.05842
8.88	0.0696
8.89	0.06526
8.9	0.07262
8.91	0.07785
8.92	0.07861
8.93	0.08217
8.94	0.08849
8.95	0.1016
8.96	0.1132
8.97	0.12766
8.98	0.14315
8.99	0.15717
9	0.15595
9.01	0.13908
9.02	0.13511
9.03	0.11737
9.04	0.09406
9.05	0.07848
9.06	0.06009
9.07	0.04346
9.08	0.02768
9.09	0.01565
9.1	0.01312
9.11	0.00598
9.12	-0.00554
9.13	-0.01824
9.14	-0.02858
9.15	-0.03588
9.16	-0.01404
9.17	0.00318
9.18	0.01945
9.19	0.04763
9.2	0.05024
9.21	0.01771
9.22	0.00406
9.23	-0.03249
9.24	-0.06991
9.25	-0.06054
9.26	-0.06661
9.27	-0.05007
9.28	-0.02104
9.29	-0.00525
9.3	0.01541
9.31	0.02507
9.32	0.02268
9.33	0.01741
9.34	0.01668
9.35	0.01293
9.36	0.00871
9.37	0.00872
9.38	0.00769
9.39	0.00573
9.4	0.0094
9.41	0.02076
9.42	0.02767
9.43	0.03183
9.44	0.01851
9.45	0.00797
9.46	0.00279
9.47	-0.0076
9.48	-0.01675
9.49	-0.02502
9.5	-0.02709
9.51	-0.0197
9.52	-0.01908
9.53	-0.02907
9.54	-0.04379
9.55	-0.05099
9.56	-0.0547
9.57	-0.06026
9.58	-0.04486
9.59	-0.01902
9.6	-0.01703
9.61	-0.01656
9.62	-0.03269
9.63	-0.04582
9.64	-0.06143
9.65	-0.0731
9.66	-0.07558
9.67	-0.08515
9.68	-0.09333
9.69	-0.09918
9.7	-0.10666
9.71	-0.11391
9.72	-0.11052
9.73	-0.08924
9.74	-0.07691
9.75	-0.05997
9.76	-0.04131
9.77	-0.05123
9.78	-0.06358
9.79	-0.06059
9.8	-0.04161
9.81	-0.02716
9.82	0.00345
9.83	0.05108
9.84	0.06374
9.85	0.07786
9.86	0.10175
9.87	0.08214
9.88	0.05745
9.89	0.05313
9.9	0.0408
9.91	0.02681
9.92	0.037
9.93	0.05356
9.94	0.05424
9.95	0.05887
9.96	0.06624
9.97	0.06675
9.98	0.06599
9.99	0.06682
10	0.07198
10.01	0.09565
10.02	0.10958
10.03	0.11503
10.04	0.12247
10.05	0.10759
10.06	0.09848
10.07	0.09462
10.08	0.085
10.09	0.07672
10.1	0.07117
10.11	0.0635
10.12	0.03782
10.13	0.00136
10.14	-0.01898
10.15	-0.03473
10.16	-0.05544
10.17	-0.06235
10.18	-0.06957
10.19	-0.08149
10.2	-0.09047
10.21	-0.10374
10.22	-0.11689
10.23	-0.12339
10.24	-0.1245
10.25	-0.12937
10.26	-0.12557
10.27	-0.119
10.28	-0.11697
10.29	-0.1105
10.3	-0.089
10.31	-0.07135
10.32	-0.06055
10.33	-0.06831
10.34	-0.07253
10.35	-0.06964
10.36	-0.05173
10.37	-0.02481
10.38	-0.00857
10.39	0.01469
10.4	0.04098
10.41	0.06
10.42	0.07167
10.43	0.07984
10.44	0.06937
10.45	0.06411
10.46	0.06288
10.47	0.0626
10.48	0.06358
10.49	0.06223
10.5	0.05479
10.51	0.04785
10.52	0.04431
10.53	0.05163
10.54	0.06098
10.55	0.06503
10.56	0.0713
10.57	0.06561
10.58	0.05677
10.59	0.05417
10.6	0.04795
10.61	0.0463
10.62	0.05124
10.63	0.05088
10.64	0.03351
10.65	-0.00006
10.66	-0.01218
10.67	-0.01713
10.68	-0.0327
10.69	-0.04584
10.7	-0.06275
10.71	-0.08015
10.72	-0.08863
10.73	-0.0947
10.74	-0.08394
10.75	-0.06004
10.76	-0.03576
10.77	-0.01351
10.78	-0.00538
10.79	-0.00106
10.8	-0.016
10.81	-0.02699
10.82	-0.0384
10.83	-0.05722
10.84	-0.05556
10.85	-0.03242
10.86	-0.01927
10.87	0.02229
10.88	0.03645
10.89	0.00768
10.9	0.0107
10.91	0.00922
10.92	0.00831
10.93	0.02617
10.94	0.03292
10.95	0.04646
10.96	0.07432
10.97	0.08653
10.98	0.08508
10.99	0.09453
11	0.10242
11.01	0.10185
11.02	0.09579
11.03	0.09378
11.04	0.09109
11.05	0.08545
11.06	0.081
11.07	0.07661
11.08	0.06817
11.09	0.05872
11.1	0.05125
11.11	0.04251
11.12	0.03191
11.13	0.02182
11.14	0.01038
11.15	-0.01378
11.16	-0.03546
11.17	-0.04871
11.18	-0.05334
11.19	-0.06202
11.2	-0.06779
11.21	-0.06917
11.22	-0.07402
11.23	-0.08573
11.24	-0.10143
11.25	-0.10895
11.26	-0.08998
11.27	-0.07318
11.28	-0.06448
11.29	-0.04398
11.3	-0.03096
11.31	-0.03142
11.32	-0.02922
11.33	-0.03696
11.34	-0.04438
11.35	-0.05869
11.36	-0.07333
11.37	-0.07575
11.38	-0.07708
11.39	-0.08361
11.4	-0.08681
11.41	-0.08955
11.42	-0.09298
11.43	-0.08881
11.44	-0.08198
11.45	-0.07421
11.46	-0.04491
11.47	-0.03144
11.48	-0.02991
11.49	-0.01768
11.5	-0.02282
11.51	-0.02718
11.52	-0.02712
11.53	-0.03624
11.54	-0.04139
11.55	-0.02274
11.56	-0.00306
11.57	0.0085
11.58	0.0301
11.59	0.05081
11.6	0.06051
11.61	0.06409
11.62	0.07419
11.63	0.07338
11.64	0.06775
11.65	0.06848
11.66	0.07039
11.67	0.07825
11.68	0.08378
11.69	0.0939
11.7	0.11511
11.71	0.12532
11.72	0.12555
11.73	0.13389
11.74	0.14107
11.75	0.13914
11.76	0.13295
11.77	0.13065
11.78	0.11617
11.79	0.10252
11.8	0.09591
11.81	0.08771
11.82	0.07749
11.83	0.06798
11.84	0.05372
11.85	0.02027
11.86	-0.00771
11.87	-0.02428
11.88	-0.03338
11.89	-0.04814
11.9	-0.06221
11.91	-0.07392
11.92	-0.08704
11.93	-0.10003
11.94	-0.11442
11.95	-0.13575
11.96	-0.15714
11.97	-0.18068
11.98	-0.19946
11.99	-0.20518
12	-0.20801
12.01	-0.19067
12.02	-0.17181
12.03	-0.11295
12.04	-0.06712
12.05	-0.06127
12.06	-0.03474
12.07	-0.03223
12.08	-0.04462
12.09	-0.04045
12.1	-0.04338
12.11	-0.04915
12.12	-0.04938
12.13	-0.03572
12.14	-0.02303
12.15	-0.00849
12.16	0.06424
12.17	0.13386
12.18	0.16271
12.19	0.19491
12.2	0.22335
12.21	0.2303
12.22	0.24606
12.23	0.22857
12.24	0.20181
12.25	0.19354
12.26	0.18524
12.27	0.17471
12.28	0.16476
12.29	0.15016
12.3	0.12748
12.31	0.10967
12.32	0.07872
12.33	0.03759
12.34	0.00814
12.35	-0.01452
12.36	-0.04159
12.37	-0.06989
12.38	-0.1011
12.39	-0.12973
12.4	-0.13977
12.41	-0.15388
12.42	-0.15707
12.43	-0.14461
12.44	-0.14449
12.45	-0.14671
12.46	-0.15073
12.47	-0.15302
12.48	-0.15636
12.49	-0.16004
12.5	-0.1549
12.51	-0.14693
12.52	-0.14262
12.53	-0.11628
12.54	-0.08204
12.55	-0.06044
12.56	-0.03425
12.57	-0.00613
12.58	0.01256
12.59	0.0194
12.6	0.03321
12.61	0.04697
12.62	0.05768
12.63	0.07016
12.64	0.08375
12.65	0.09932
12.66	0.11458
12.67	0.12986
12.68	0.14146
12.69	0.11578
12.7	0.09819
12.71	0.10583
12.72	0.09629
12.73	0.08118
12.74	0.06188
12.75	0.04157
12.76	-0.00441
12.77	-0.04715
12.78	-0.0705
12.79	-0.09074
12.8	-0.11819
12.81	-0.12743
12.82	-0.13511
12.83	-0.14289
12.84	-0.14503
12.85	-0.15005
12.86	-0.14048
12.87	-0.12101
12.88	-0.10663
12.89	-0.08179
12.9	-0.05094
12.91	-0.018
12.92	0.01007
12.93	0.03682
12.94	0.04469
12.95	0.04346
12.96	0.05322
12.97	0.05781
12.98	0.06102
12.99	0.0662
13	0.07037
13.01	0.07358
13.02	0.07632
13.03	0.07988
13.04	0.08349
13.05	0.08862
13.06	0.10502
13.07	0.12152
13.08	0.13801
13.09	0.16262
13.1	0.17493
13.11	0.17462
13.12	0.18563
13.13	0.19169
13.14	0.18128
13.15	0.17571
13.16	0.1532
13.17	0.1264
13.18	0.1179
13.19	0.11312
13.2	0.11751
13.21	0.11459
13.22	0.10129
13.23	0.08682
13.24	0.05117
13.25	0.02063
13.26	0.00469
13.27	-0.01997
13.28	-0.04263
13.29	-0.05956
13.3	-0.05851
13.31	-0.06135
13.32	-0.07004
13.33	-0.07267
13.34	-0.0766
13.35	-0.08189
13.36	-0.0811
13.37	-0.08191
13.38	-0.08705
13.39	-0.09931
13.4	-0.10957
13.41	-0.12317
13.42	-0.14516
13.43	-0.15802
13.44	-0.16338
13.45	-0.1747
13.46	-0.1819
13.47	-0.16613
13.48	-0.14214
13.49	-0.10859
13.5	-0.0548
13.51	-0.0042
13.52	-0.00252
13.53	0.00809
13.54	0.00938
13.55	-0.00317
13.56	-0.01131
13.57	-0.01509
13.58	-0.01827
13.59	-0.01524
13.6	-0.01475
13.61	-0.0143
13.62	-0.01546
13.63	-0.02558
13.64	-0.03252
13.65	-0.03558
13.66	-0.03784
13.67	-0.04153
13.68	-0.04024
13.69	-0.03696
13.7	-0.0396
13.71	-0.05183
13.72	-0.06193
13.73	-0.07563
13.74	-0.09095
13.75	-0.10419
13.76	-0.11202
13.77	-0.11209
13.78	-0.10361
13.79	-0.09001
13.8	-0.0798
13.81	-0.06186
13.82	-0.05095
13.83	-0.05362
13.84	-0.04699
13.85	-0.03909
13.86	-0.02607
13.87	-0.01312
13.88	-0.00003
13.89	0.01479
13.9	0.02335
13.91	0.0223
13.92	0.02682
13.93	0.03266
13.94	0.03893
13.95	0.04532
13.96	0.05136
13.97	0.05607
13.98	0.05447
13.99	0.05231
14	0.05361
14.01	0.06137
14.02	0.07145
14.03	0.09042
14.04	0.11329
14.05	0.13058
14.06	0.14121
14.07	0.14367
14.08	0.14873
14.09	0.1353
14.1	0.12353
14.11	0.09678
14.12	0.0585
14.13	0.06098
14.14	0.0542
14.15	0.05534
14.16	0.06392
14.17	0.06363
14.18	0.06734
14.19	0.07076
14.2	0.0614
14.21	0.05573
14.22	0.05534
14.23	0.05864
14.24	0.07308
14.25	0.08051
14.26	0.08808
14.27	0.09113
14.28	0.07228
14.29	0.0578
14.3	0.03736
14.31	0.01713
14.32	0.00737
14.33	-0.00721
14.34	-0.02453
14.35	-0.04188
14.36	-0.05874
14.37	-0.07452
14.38	-0.08833
14.39	-0.09818
14.4	-0.09916
14.41	-0.10426
14.42	-0.1058
14.43	-0.08935
14.44	-0.07504
14.45	-0.0511
14.46	-0.03637
14.47	-0.03948
14.48	-0.02977
14.49	-0.02188
14.5	-0.01945
14.51	-0.01387
14.52	-0.00844
14.53	-0.00417
14.54	-0.00027
14.55	-0.00664
14.56	-0.01509
14.57	-0.02689
14.58	-0.04496
14.59	-0.04376
14.6	-0.04637
14.61	-0.05398
14.62	-0.05013
14.63	-0.04742
14.64	-0.047
14.65	-0.04254
14.66	-0.04171
14.67	-0.04464
14.68	-0.04449
14.69	-0.04451
14.7	-0.04507
14.71	-0.04535
14.72	-0.04603
14.73	-0.05023
14.74	-0.05427
14.75	-0.05708
14.76	-0.0616
14.77	-0.06772
14.78	-0.07291
14.79	-0.07861
14.8	-0.08511
14.81	-0.08838
14.82	-0.0731
14.83	-0.05902
14.84	-0.03167
14.85	-0.00193
14.86	0.02264
14.87	0.05157
14.88	0.08172
14.89	0.11259
14.9	0.1429
14.91	0.15756
14.92	0.15716
14.93	0.1705
14.94	0.17978
14.95	0.18381
14.96	0.18982
14.97	0.19633
14.98	0.20186
14.99	0.19869
15	0.18402
15.01	0.17597
15.02	0.13461
15.03	0.07008
15.04	0.04457
15.05	0.01941
15.06	-0.01426
15.07	-0.01924
15.08	-0.03089
15.09	-0.04816
15.1	-0.06126
15.11	-0.08031
15.12	-0.0977
15.13	-0.10914
15.14	-0.11545
15.15	-0.1212
15.16	-0.12147
15.17	-0.12431
15.18	-0.12696
15.19	-0.12831
15.2	-0.13037
15.21	-0.13243
15.22	-0.1329
15.23	-0.12822
15.24	-0.12505
15.25	-0.12292
15.26	-0.11848
15.27	-0.10725
15.28	-0.09518
15.29	-0.06979
15.3	-0.01344
15.31	0.01949
15.32	0.03043
15.33	0.05815
15.34	0.08204
15.35	0.09676
15.36	0.10435
15.37	0.11164
15.38	0.11893
15.39	0.11201
15.4	0.1084
15.41	0.10725
15.42	0.09531
15.43	0.08325
15.44	0.07487
15.45	0.0637
15.46	0.05713
15.47	0.05435
15.48	0.04778
15.49	0.03384
15.5	0.00954
15.51	-0.00804
15.52	-0.0271
15.53	-0.04724
15.54	-0.04378
15.55	-0.03242
15.56	-0.03392
15.57	-0.02886
15.58	-0.02413
15.59	-0.04167
15.6	-0.0574
15.61	-0.06681
15.62	-0.09105
15.63	-0.11309
15.64	-0.10856
15.65	-0.11174
15.66	-0.12089
15.67	-0.11706
15.68	-0.10993
15.69	-0.10874
15.7	-0.09851
15.71	-0.07904
15.72	-0.06661
15.73	-0.046
15.74	0.00349
15.75	0.04372
15.76	0.06677
15.77	0.08558
15.78	0.09805
15.79	0.10072
15.8	0.10587
15.81	0.09249
15.82	0.08176
15.83	0.07624
15.84	0.06649
15.85	0.05843
15.86	0.06508
15.87	0.07542
15.88	0.07686
15.89	0.07786
15.9	0.06653
15.91	0.05781
15.92	0.05078
15.93	0.0411
15.94	0.03676
15.95	0.03231
15.96	0.02844
15.97	0.02757
15.98	0.04101
15.99	0.0557
16	0.077
16.01	0.09135
16.02	0.0871
16.03	0.08666
16.04	0.07595
16.05	0.05318
16.06	0.02482
16.07	-0.00801
16.08	-0.04753
16.09	-0.07117
16.1	-0.08883
16.11	-0.10821
16.12	-0.11766
16.13	-0.12329
16.14	-0.1271
16.15	-0.12314
16.16	-0.11356
16.17	-0.10115
16.18	-0.08717
16.19	-0.07751
16.2	-0.06915
16.21	-0.06965
16.22	-0.06854
16.23	-0.06514
16.24	-0.05932
16.25	-0.04369
16.26	-0.02908
16.27	-0.00667
16.28	0.01154
16.29	0.01367
16.3	0.02212
16.31	0.03111
16.32	0.03189
16.33	0.03596
16.34	0.04059
16.35	0.04213
16.36	0.04421
16.37	0.04701
16.38	0.04912
16.39	0.05428
16.4	0.06343
16.41	0.0701
16.42	0.07941
16.43	0.08937
16.44	0.09463
16.45	0.09726
16.46	0.09125
16.47	0.06877
16.48	0.04432
16.49	-0.01099
16.5	-0.03929
16.51	-0.03625
16.52	-0.05502
16.53	-0.0603
16.54	-0.06014
16.55	-0.05371
16.56	-0.04413
16.57	-0.03698
16.58	-0.02868
16.59	-0.02781
16.6	-0.02717
16.61	-0.02357
16.62	-0.02279
16.63	-0.02207
16.64	-0.01942
16.65	-0.01018
16.66	-0.0024
16.67	0.00296
16.68	0.00897
16.69	0.00251
16.7	-0.00425
16.71	-0.00966
16.72	-0.02104
16.73	-0.02858
16.74	-0.0346
16.75	-0.04258
16.76	-0.03794
16.77	-0.02546
16.78	-0.01942
16.79	-0.00596
16.8	0.00831
16.81	0.0243
16.82	0.03688
16.83	0.04133
16.84	0.05033
16.85	0.05949
16.86	0.06337
16.87	0.05686
16.88	0.05376
16.89	0.0532
16.9	0.05043
16.91	0.04794
16.92	0.04725
16.93	0.0486
16.94	0.04876
16.95	0.04908
16.96	0.05184
16.97	0.055
16.98	0.0571
16.99	0.05981
17	0.05914
17.01	0.052
17.02	0.04829
17.03	0.04452
17.04	0.03709
17.05	0.0305
17.06	0.02839
17.07	0.02676
17.08	0.02319
17.09	0.02084
17.1	0.01868
17.11	0.01607
17.12	0.01218
17.13	-0.00211
17.14	-0.01481
17.15	-0.02932
17.16	-0.04803
17.17	-0.05262
17.18	-0.05383
17.19	-0.06224
17.2	-0.05909
17.21	-0.04751
17.22	-0.04439
17.23	-0.03909
17.24	-0.03218
17.25	-0.02991
17.26	-0.02726
17.27	-0.03019
17.28	-0.03683
17.29	-0.04177
17.3	-0.05252
17.31	-0.06193
17.32	-0.07084
17.33	-0.08176
17.34	-0.08758
17.35	-0.08584
17.36	-0.08849
17.37	-0.09108
17.38	-0.09207
17.39	-0.09633
17.4	-0.10001
17.41	-0.09906
17.42	-0.08429
17.43	-0.07357
17.44	-0.0546
17.45	-0.02049
17.46	-0.00025
17.47	0.01913
17.48	0.04253
17.49	0.05398
17.5	0.06694
17.51	0.07851
17.52	0.08689
17.53	0.09477
17.54	0.10024
17.55	0.1071
17.56	0.1137
17.57	0.10694
17.58	0.08805
17.59	0.07285
17.6	0.04497
17.61	0.0338
17.62	0.03285
17.63	0.02592
17.64	0.02784
17.65	0.02769
17.66	0.01994
17.67	0.00762
17.68	-0.00018
17.69	-0.01022
17.7	-0.01439
17.71	-0.01321
17.72	-0.0172
17.73	-0.01947
17.74	-0.02373
17.75	-0.03242
17.76	-0.03957
17.77	-0.05897
17.78	-0.07418
17.79	-0.08016
17.8	-0.09268
17.81	-0.09693
17.82	-0.08843
17.83	-0.08838
17.84	-0.08466
17.85	-0.07606
17.86	-0.07121
17.87	-0.06183
17.88	-0.04488
17.89	-0.03223
17.9	-0.02006
17.91	-0.00934
17.92	0.00095
17.93	0.01106
17.94	0.02025
17.95	0.02844
17.96	0.02606
17.97	0.02553
17.98	0.02802
17.99	0.03151
18	0.04317
18.01	0.05228
18.02	0.06727
18.03	0.0783
18.04	0.07537
18.05	0.07713
18.06	0.07227
18.07	0.06641
18.08	0.06283
18.09	0.05726
18.1	0.05072
18.11	0.04174
18.12	0.03356
18.13	0.02528
18.14	0.01207
18.15	-0.00077
18.16	-0.01224
18.17	-0.03019
18.18	-0.05129
18.19	-0.05849
18.2	-0.05764
18.21	-0.06637
18.22	-0.07065
18.23	-0.06288
18.24	-0.05583
18.25	-0.04644
18.26	-0.02569
18.27	-0.01029
18.28	0.00477
18.29	0.01421
18.3	0.01935
18.31	0.02911
18.32	0.03393
18.33	0.03379
18.34	0.0375
18.35	0.04005
18.36	0.03126
18.37	0.01686
18.38	0.01024
18.39	0.0014
18.4	-0.00802
18.41	-0.00427
18.42	-0.00301
18.43	-0.00526
18.44	-0.00364
18.45	-0.00307
18.46	-0.00699
18.47	-0.01078
18.48	-0.01303
18.49	-0.01035
18.5	-0.00166
18.51	0.00195
18.52	0.00693
18.53	0.00666
18.54	-0.00372
18.55	-0.00765
18.56	-0.01185
18.57	-0.01867
18.58	-0.02415
18.59	-0.02915
18.6	-0.03406
18.61	-0.0391
18.62	-0.04408
18.63	-0.04706
18.64	-0.03656
18.65	-0.02869
18.66	-0.02074
18.67	-0.0049
18.68	0.00634
18.69	0.01328
18.7	0.02208
18.71	0.03151
18.72	0.03959
18.73	0.04129
18.74	0.03443
18.75	0.03346
18.76	0.03159
18.77	0.02641
18.78	0.02205
18.79	0.01828
18.8	0.01385
18.81	0.00976
18.82	0.00672
18.83	0.0033
18.84	-0.00027
18.85	-0.00354
18.86	-0.00475
18.87	0.00232
18.88	0.00704
18.89	0.00949
18.9	0.01054
18.91	0.01173
18.92	0.01326
18.93	0.00962
18.94	0.00443
18.95	0.00118
18.96	-0.01352
18.97	-0.03134
18.98	-0.03455
18.99	-0.04116
19	-0.05025
19.01	-0.04319
19.02	-0.03719
19.03	-0.03609
19.04	-0.03041
19.05	-0.02521
19.06	-0.01827
19.07	0.00042
19.08	0.01487
19.09	0.02019
19.1	0.03032
19.11	0.04091
19.12	0.04511
19.13	0.05099
19.14	0.05796
19.15	0.06059
19.16	0.06221
19.17	0.06019
19.18	0.0551
19.19	0.05297
19.2	0.05006
19.21	0.04643
19.22	0.04338
19.23	0.04015
19.24	0.03596
19.25	0.0319
19.26	0.02812
19.27	0.02406
19.28	0.02079
19.29	0.02375
19.3	0.02643
19.31	0.02692
19.32	0.0293
19.33	0.02974
19.34	0.02248
19.35	0.01761
19.36	0.01394
19.37	0.00233
19.38	-0.01229
19.39	-0.02257
19.4	-0.0348
19.41	-0.04784
19.42	-0.05921
19.43	-0.06616
19.44	-0.07415
19.45	-0.08308
19.46	-0.08584
19.47	-0.08585
19.48	-0.08948
19.49	-0.09055
19.5	-0.08372
19.51	-0.07912
19.52	-0.07623
19.53	-0.07074
19.54	-0.06399
19.55	-0.05801
19.56	-0.05232
19.57	-0.0467
19.58	-0.04104
19.59	-0.03531
19.6	-0.0296
19.61	-0.02391
19.62	-0.01796
19.63	-0.01177
19.64	-0.00612
19.65	-0.003
19.66	0.00028
19.67	0.00444
19.68	0.00782
19.69	0.01448
19.7	0.02948
19.71	0.0411
19.72	0.05261
19.73	0.06987
19.74	0.08535
19.75	0.09721
19.76	0.10023
19.77	0.10581
19.78	0.11328
19.79	0.11783
19.8	0.11505
19.81	0.10495
19.82	0.10141
19.83	0.09595
19.84	0.08133
19.85	0.06126
19.86	0.04987
19.87	0.04292
19.88	0.03177
19.89	0.02157
19.9	0.01552
19.91	0.00846
19.92	0.00054
19.93	-0.00155
19.94	0.00241
19.95	0.00182
19.96	0.00197
19.97	0.00139
19.98	-0.0018
19.99	-0.00318
20	-0.00495
20.01	-0.00731
20.02	-0.00925
20.03	-0.0147
20.04	-0.02639
20.05	-0.03425
20.06	-0.03726
20.07	-0.04135
20.08	-0.04678
20.09	-0.04659
20.1	-0.04117
20.11	-0.03984
20.12	-0.03776
20.13	-0.03588
20.14	-0.036
20.15	-0.03486
20.16	-0.03356
20.17	-0.03207
20.18	-0.03062
20.19	-0.02967
20.2	-0.03035
20.21	-0.03055
20.22	-0.03035
20.23	-0.0298
20.24	-0.02879
20.25	-0.0282
20.26	-0.02758
20.27	-0.02875
20.28	-0.03072
20.29	-0.03158
20.3	-0.03052
20.31	-0.02019
20.32	-0.01259
20.33	-0.00901
20.34	-0.00298
20.35	-0.0018
20.36	-0.00248
20.37	-0.0004
20.38	0.00066
20.39	0.00419
20.4	0.0078
20.41	0.01038
20.42	0.01339
20.43	0.01085
20.44	0.00604
20.45	0.0045
20.46	0.00137
20.47	-0.00284
20.48	-0.00678
20.49	-0.01054
20.5	-0.01437
20.51	-0.01615
20.52	-0.01712
20.53	-0.01928
20.54	-0.02051
20.55	-0.01864
20.56	-0.01716
20.57	-0.01661
20.58	-0.01515
20.59	-0.01217
20.6	-0.00732
20.61	-0.0033
20.62	0.00275
20.63	0.00881
20.64	0.01418
20.65	0.0194
20.66	0.01483
20.67	0.0065
20.68	0.0036
20.69	-0.00471
20.7	-0.01494
20.71	-0.01831
20.72	-0.01759
20.73	-0.01697
20.74	-0.00999
20.75	-0.00291
20.76	0.00553
20.77	0.00645
20.78	0.00631
20.79	0.01058
20.8	0.01865
20.81	0.02622
20.82	0.03243
20.83	0.03596
20.84	0.02893
20.85	0.0257
20.86	0.02396
20.87	0.01936
20.88	0.01624
20.89	0.01326
20.9	0.00973
20.91	0.00654
20.92	0.00439
20.93	0.0106
20.94	0.01668
20.95	0.02224
20.96	0.03196
20.97	0.03576
20.98	0.0323
20.99	0.03356
21	0.03462
21.01	0.03453
21.02	0.03534
21.03	0.03591
21.04	0.03643
21.05	0.03709
21.06	0.03155
21.07	0.02003
21.08	0.01373
21.09	0.00505
21.1	-0.00496
21.11	-0.01322
21.12	-0.01877
21.13	-0.02405
21.14	-0.0305
21.15	-0.03596
21.16	-0.03934
21.17	-0.04228
21.18	-0.04621
21.19	-0.04956
21.2	-0.05199
21.21	-0.04413
21.22	-0.03228
21.23	-0.02639
21.24	-0.01805
21.25	-0.01566
21.26	-0.01726
21.27	-0.0144
21.28	-0.01339
21.29	-0.01329
21.3	-0.01214
21.31	-0.01091
21.32	-0.00958
21.33	-0.00833
21.34	-0.00705
21.35	-0.00572
21.36	0.0002
21.37	0.01063
21.38	0.01672
21.39	0.02035
21.4	0.0238
21.41	0.02837
21.42	0.03207
21.43	0.03456
21.44	0.03634
21.45	0.03891
21.46	0.04119
21.47	0.04293
21.48	0.03697
21.49	0.02591
21.5	0.01985
21.51	0.00428
21.52	-0.01534
21.53	-0.02369
21.54	-0.02427
21.55	-0.03121
21.56	-0.03439
21.57	-0.03151
21.58	-0.03256
21.59	-0.03317
21.6	-0.03238
21.61	-0.03244
21.62	-0.0317
21.63	-0.02338
21.64	-0.01412
21.65	-0.00849
21.66	-0.00143
21.67	0.00618
21.68	0.01311
21.69	0.02017
21.7	0.02049
21.71	0.0118
21.72	0.00935
21.73	0.00597
21.74	0.00011
21.75	-0.00239
21.76	-0.00253
21.77	-0.00479
21.78	-0.00652
21.79	-0.00677
21.8	-0.00642
21.81	-0.00674
21.82	-0.00684
21.83	-0.00673
21.84	-0.00679
21.85	-0.00687
21.86	-0.00714
21.87	-0.00737
21.88	-0.00755
21.89	-0.00783
21.9	-0.00875
21.91	-0.01007
21.92	-0.01094
21.93	-0.01198
21.94	-0.01134
21.95	0.00199
21.96	0.01284
21.97	0.01812
21.98	0.02531
21.99	0.03367
22	0.03763
22.01	0.0341
22.02	0.03391
22.03	0.03442
22.04	0.03268
22.05	0.03163
22.06	0.02983
22.07	0.02767
22.08	0.02602
22.09	0.0241
22.1	0.02205
22.11	0.01837
22.12	0.01352
22.13	0.0099
22.14	0.00483
22.15	-0.00756
22.16	-0.01828
22.17	-0.02615
22.18	-0.02923
22.19	-0.03325
22.2	-0.03753
22.21	-0.03143
22.22	-0.02728
22.23	-0.02587
22.24	-0.02091
22.25	-0.01434
22.26	-0.00829
22.27	0.0049
22.28	0.01612
22.29	0.01753
22.3	0.02349
22.31	0.01758
22.32	0.00419
22.33	-0.00489
22.34	-0.01879
22.35	-0.03211
22.36	-0.04047
22.37	-0.03362
22.38	-0.03115
22.39	-0.03184
22.4	-0.02785
22.41	-0.02612
22.42	-0.02536
22.43	-0.02326
22.44	-0.02173
22.45	-0.02037
22.46	-0.01838
22.47	-0.01604
22.48	-0.01404
22.49	-0.01194
22.5	-0.00974
22.51	-0.00738
22.52	0.00083
22.53	0.01277
22.54	0.01969
22.55	0.02597
22.56	0.03411
22.57	0.0412
22.58	0.04511
22.59	0.0495
22.6	0.05477
22.61	0.05684
22.62	0.0501
22.63	0.04626
22.64	0.04566
22.65	0.04294
22.66	0.04003
22.67	0.03944
22.68	0.03995
22.69	0.03911
22.7	0.03877
22.71	0.03273
22.72	0.01856
22.73	0.00927
22.74	-0.00244
22.75	-0.01572
22.76	-0.02295
22.77	-0.02633
22.78	-0.03337
22.79	-0.03467
22.8	-0.03507
22.81	-0.03798
22.82	-0.03934
22.83	-0.04058
22.84	-0.04236
22.85	-0.0431
22.86	-0.03631
22.87	-0.02849
22.88	-0.02392
22.89	-0.01636
22.9	-0.00869
22.91	-0.00338
22.92	-0.00692
22.93	-0.00863
22.94	-0.00792
22.95	-0.01007
22.96	-0.01113
22.97	-0.01058
22.98	-0.01107
22.99	-0.01147
23	-0.01148
23.01	-0.01172
23.02	-0.01197
23.03	-0.01217
23.04	-0.01239
23.05	-0.01261
23.06	-0.01164
23.07	-0.00914
23.08	-0.00771
23.09	-0.00611
23.1	-0.00409
23.11	-0.00233
23.12	-0.00057
23.13	0.00128
23.14	0.00308
23.15	0.00488
23.16	0.00721
23.17	0.01022
23.18	0.01276
23.19	0.01537
23.2	0.01817
23.21	0.02089
23.22	0.02389
23.23	0.02691
23.24	0.02955
23.25	0.03128
23.26	0.0333
23.27	0.03494
23.28	0.03082
23.29	0.02595
23.3	0.02221
23.31	0.01328
23.32	0.00565
23.33	0.00105
23.34	-0.00357
23.35	-0.0093
23.36	-0.01401
23.37	-0.01261
23.38	-0.00765
23.39	-0.0068
23.4	-0.00399
23.41	0.00034
23.42	0.00339
23.43	0.00658
23.44	0.0091
23.45	0.01141
23.46	0.01411
23.47	0.01657
23.48	0.01899
23.49	0.02126
23.5	0.02285
23.51	0.02469
23.52	0.02662
23.53	0.02835
23.54	0.02947
23.55	0.02796
23.56	0.02719
23.57	0.02696
23.58	0.02567
23.59	0.02274
23.6	0.0203
23.61	0.01816
23.62	0.01497
23.63	0.01192
23.64	0.00915
23.65	0.00638
23.66	0.0054
23.67	0.00412
23.68	0.00233
23.69	0.00109
23.7	-0.00135
23.71	-0.00668
23.72	-0.01081
23.73	-0.01462
23.74	-0.01816
23.75	-0.01857
23.76	-0.02002
23.77	-0.02195
23.78	-0.02262
23.79	-0.01996
23.8	-0.01689
23.81	-0.01529
23.82	-0.01268
23.83	-0.00995
23.84	-0.00806
23.85	-0.01069
23.86	-0.01401
23.87	-0.01527
23.88	-0.01788
23.89	-0.02067
23.9	-0.02297
23.91	-0.02549
23.92	-0.02608
23.93	-0.02168
23.94	-0.01929
23.95	-0.01748
23.96	-0.01443
23.97	-0.01496
23.98	-0.01681
23.99	-0.01665
24	-0.01731
24.01	-0.01674
24.02	-0.01547
24.03	-0.01508
24.04	-0.01452
24.05	-0.01982
24.06	-0.02915
24.07	-0.03417
24.08	-0.04079
24.09	-0.04241
24.1	-0.03231
24.11	-0.02818
24.12	-0.02441
24.13	-0.01718
24.14	-0.01094
24.15	-0.00506
24.16	0.00013
24.17	-0.00319
24.18	-0.00495
24.19	-0.00432
24.2	-0.00634
24.21	-0.00806
24.22	-0.00975
24.23	-0.01175
24.24	-0.01354
24.25	-0.01541
24.26	-0.01726
24.27	-0.01896
24.28	-0.02074
24.29	-0.02252
24.3	-0.02426
24.31	-0.0254
24.32	-0.02595
24.33	-0.02704
24.34	-0.02735
24.35	-0.02249
24.36	-0.01795
24.37	-0.01517
24.38	-0.01081
24.39	-0.006
24.4	-0.00125
24.41	0.00339
24.42	0.00814
24.43	0.01302
24.44	0.01801
24.45	0.02291
24.46	0.02782
24.47	0.03167
24.48	0.02775
24.49	0.02533
24.5	0.02492
24.51	0.02081
24.52	0.01694
24.53	0.01414
24.54	0.01054
24.55	0.00852
24.56	0.01743
24.57	0.02411
24.58	0.02782
24.59	0.03484
24.6	0.04127
24.61	0.0439
24.62	0.03497
24.63	0.02941
24.64	0.02626
24.65	0.02075
24.66	0.0169
24.67	0.01305
24.68	0.01532
24.69	0.02208
24.7	0.02419
24.71	0.02799
24.72	0.03291
24.73	0.03675
24.74	0.04081
24.75	0.04376
24.76	0.0457
24.77	0.04844
24.78	0.04694
24.79	0.0427
24.8	0.04137
24.81	0.03878
24.82	0.03558
24.83	0.03341
24.84	0.03572
24.85	0.03967
24.86	0.04107
24.87	0.04355
24.88	0.04639
24.89	0.04873
24.9	0.04727
24.91	0.0407
24.92	0.03764
24.93	0.03407
24.94	0.02796
24.95	0.02162
24.96	0.0162
24.97	0.01043
24.98	0.00678
24.99	0.00417
25	0.0002
25.01	-0.00328
25.02	-0.00666
25.03	-0.01025
25.04	-0.01372
25.05	-0.01691
25.06	-0.02009
25.07	-0.02337
25.08	-0.02643
25.09	-0.02593
25.1	-0.02319
25.11	-0.02294
25.12	-0.02173
25.13	-0.02259
25.14	-0.0275
25.15	-0.02983
25.16	-0.03243
25.17	-0.036
25.18	-0.03896
25.19	-0.04198
25.2	-0.04408
25.21	-0.04199
25.22	-0.04109
25.23	-0.04105
25.24	-0.03959
25.25	-0.03698
25.26	-0.03437
25.27	-0.0322
25.28	-0.02998
25.29	-0.02856
25.3	-0.02693
25.31	-0.02575
25.32	-0.02634
25.33	-0.02626
25.34	-0.02595
25.35	-0.02543
25.36	-0.02197
25.37	-0.01899
25.38	-0.01481
25.39	-0.01011
25.4	-0.00765
25.41	-0.01553
25.42	-0.02126
25.43	-0.02307
25.44	-0.02537
25.45	-0.02737
25.46	-0.02317
25.47	-0.01985
25.48	-0.01829
25.49	-0.01497
25.5	-0.01225
25.51	-0.00985
25.52	-0.00706
25.53	-0.00442
25.54	-0.00183
25.55	0.00083
25.56	0.00311
25.57	0.00066
25.58	-0.00353
25.59	-0.00504
25.6	-0.00754
25.61	-0.00959
25.62	-0.01136
25.63	-0.01347
25.64	-0.01537
25.65	-0.01723
25.66	-0.01893
25.67	-0.0201
25.68	-0.01717
25.69	-0.01435
25.7	-0.01301
25.71	-0.01072
25.72	-0.01151
25.73	-0.0131
25.74	-0.0131
25.75	-0.01369
25.76	-0.01119
25.77	-0.00783
25.78	-0.00611
25.79	-0.00345
25.8	-0.00077
25.81	0.00091
25.82	0.00293
25.83	0.0051
25.84	0.00657
25.85	0.00733
25.86	0.00855
25.87	0.00974
25.88	0.0104
25.89	0.00801
25.9	0.00516
25.91	0.0037
25.92	0.00126
25.93	-0.00194
25.94	-0.00491
25.95	-0.00773
25.96	-0.00856
25.97	-0.00382
25.98	-0.00124
25.99	0.00082
26	0.00459
26.01	0.00772
26.02	0.0086
26.03	0.00607
26.04	0.00539
26.05	0.00476
26.06	0.00311
26.07	0.00218
26.08	0.00392
26.09	0.00587
26.1	0.00672
26.11	0.00836
26.12	0.01006
26.13	0.00962
26.14	0.00689
26.15	0.00586
26.16	0.00438
26.17	0.00207
26.18	0.00029
26.19	-0.00154
26.2	-0.00337
26.21	-0.00121
26.22	0.00342
26.23	0.00527
26.24	0.00579
26.25	0.0038
26.26	0.00336
26.27	0.00417
26.28	0.00965
26.29	0.01397
26.3	0.0172
26.31	0.0222
26.32	0.02701
26.33	0.03138
26.34	0.03559
26.35	0.03853
26.36	0.04188
26.37	0.04477
26.38	0.04642
26.39	0.04878
26.4	0.04936
26.41	0.04654
26.42	0.04553
26.43	0.04458
26.44	0.04175
26.45	0.03843
26.46	0.03598
26.47	0.03313
26.48	0.03011
26.49	0.02714
26.5	0.02411
26.51	0.02111
26.52	0.01836
26.53	0.01605
26.54	0.0135
26.55	0.01095
26.56	0.00841
26.57	0.00499
26.58	0.00172
26.59	-0.00129
26.6	-0.00485
26.61	-0.01052
26.62	-0.01605
26.63	-0.02049
26.64	-0.02191
26.65	-0.02274
26.66	-0.02451
26.67	-0.02077
26.68	-0.01705
26.69	-0.0153
26.7	-0.01105
26.71	-0.00515
26.72	-0.0006
26.73	0.00379
26.74	0.00582
26.75	0.00811
26.76	0.01096
26.77	0.00979
26.78	0.00752
26.79	0.00728
26.8	0.00598
26.81	0.00444
26.82	0.00337
26.83	0.00211
26.84	0.00064
26.85	-0.00213
26.86	-0.0049
26.87	-0.00717
26.88	-0.00989
26.89	-0.01291
26.9	-0.01575
26.91	-0.01858
26.92	-0.02146
26.93	-0.02399
26.94	-0.02657
26.95	-0.02925
26.96	-0.03183
26.97	-0.03381
26.98	-0.03426
26.99	-0.03531
27	-0.03655
27.01	-0.0372
27.02	-0.03624
27.03	-0.03467
27.04	-0.03403
27.05	-0.03291
27.06	-0.03163
27.07	-0.03022
27.08	-0.02526
27.09	-0.01976
27.1	-0.01586
27.11	-0.00889
27.12	0.00084
27.13	0.00797
27.14	0.01278
27.15	0.01887
27.16	0.02476
27.17	0.02656
27.18	0.02928
27.19	0.03298
27.2	0.03241
27.21	0.02903
27.22	0.02862
27.23	0.02721
27.24	0.02471
27.25	0.02048
27.26	0.01656
27.27	0.01318
27.28	0.00896
27.29	0.00399
27.3	-0.00059
27.31	-0.00511
27.32	-0.00963
27.33	-0.01239
27.34	-0.01546
27.35	-0.01902
27.36	-0.02034
27.37	-0.01872
27.38	-0.01883
27.39	-0.0189
27.4	-0.01796
27.41	-0.01704
27.42	-0.01631
27.43	-0.01547
27.44	-0.0146
27.45	-0.01386
27.46	-0.01328
27.47	-0.01261
27.48	-0.01144
27.49	-0.0037
27.5	0.00627
27.51	0.00659
27.52	0.00502
27.53	0.00827
27.54	0.00901
27.55	0.00909
27.56	0.01025
27.57	0.01104
27.58	0.01212
27.59	0.01331
27.6	0.01431
27.61	0.01542
27.62	0.01654
27.63	0.01762
27.64	0.01775
27.65	0.01413
27.66	0.01159
27.67	0.00981
27.68	0.00701
27.69	0.00728
27.7	0.00953
27.71	0.0096
27.72	0.01049
27.73	0.01188
27.74	0.01277
27.75	0.01269
27.76	0.00847
27.77	0.00538
27.78	0.00318
27.79	-0.0003
27.8	-0.00225
27.81	0.00081
27.82	0.00226
27.83	0.00281
27.84	0.00458
27.85	0.00376
27.86	0.0028
27.87	0.00287
27.88	0.00225
27.89	0.0029
27.9	0.0046
27.91	0.00526
27.92	0.0066
27.93	0.0108
27.94	0.01467
27.95	0.01565
27.96	0.01485
27.97	0.0158
27.98	0.01627
27.99	0.01619
28	0.01702
28.01	0.01798
28.02	0.01855
28.03	0.01935
28.04	0.02148
28.05	0.0248
28.06	0.02701
28.07	0.02955
28.08	0.03197
28.09	0.02981
28.1	0.02706
28.11	0.02631
28.12	0.02424
28.13	0.0217
28.14	0.01843
28.15	0.01528
28.16	0.01237
28.17	0.00911
28.18	0.00485
28.19	-0.00004
28.2	-0.00423
28.21	-0.0087
28.22	-0.01332
28.23	-0.01752
28.24	-0.02158
28.25	-0.02587
28.26	-0.02994
28.27	-0.0315
28.28	-0.03151
28.29	-0.03326
28.3	-0.03433
28.31	-0.03243
28.32	-0.02638
28.33	-0.02265
28.34	-0.01917
28.35	-0.01468
28.36	-0.01055
28.37	-0.0069
28.38	-0.00805
28.39	-0.01109
28.4	-0.01134
28.41	-0.01234
28.42	-0.01226
28.43	-0.01215
28.44	-0.01246
28.45	-0.01237
28.46	-0.01232
28.47	-0.01238
28.48	-0.01276
28.49	-0.01707
28.5	-0.02199
28.51	-0.02505
28.52	-0.02746
28.53	-0.02885
28.54	-0.03111
28.55	-0.03307
28.56	-0.03426
28.57	-0.03382
28.58	-0.03387
28.59	-0.03425
28.6	-0.0341
28.61	-0.03409
28.62	-0.03416
28.63	-0.03355
28.64	-0.02889
28.65	-0.02504
28.66	-0.02229
28.67	-0.01828
28.68	-0.01448
28.69	-0.0124
28.7	-0.01373
28.71	-0.01366
28.72	-0.0132
28.73	-0.01215
28.74	-0.00863
28.75	-0.00647
28.76	-0.00426
28.77	-0.0014
28.78	0.00083
28.79	-0.00088
28.8	-0.00393
28.81	-0.00482
28.82	-0.00683
28.83	-0.00919
28.84	-0.00959
28.85	-0.00762
28.86	-0.00706
28.87	-0.00646
28.88	-0.00514
28.89	-0.00413
28.9	-0.00316
28.91	-0.00207
28.92	-0.00103
28.93	0
28.94	0.00104
28.95	0.00175
28.96	0.00186
28.97	0.00229
28.98	0.00272
28.99	0.0036
29	0.00885
29.01	0.01328
29.02	0.01637
29.03	0.01991
29.04	0.02324
29.05	0.02662
29.06	0.02996
29.07	0.03108
29.08	0.02676
29.09	0.02463
29.1	0.02314
29.11	0.02013
29.12	0.01858
29.13	0.01718
29.14	0.01517
29.15	0.01366
29.16	0.01332
29.17	0.01301
29.18	0.01226
29.19	0.01232
29.2	0.01578
29.21	0.01847
29.22	0.02029
29.23	0.02317
29.24	0.02545
29.25	0.02213
29.26	0.01699
29.27	0.01487
29.28	0.01119
29.29	0.00824
29.3	0.00761
29.31	0.0056
29.32	0.00369
29.33	0.00261
29.34	0.00224
29.35	0.00158
29.36	0.00081
29.37	0.0003
29.38	-0.00029
29.39	-0.00107
29.4	-0.00285
29.41	-0.00444
29.42	-0.00575
29.43	-0.00737
29.44	-0.00759
29.45	-0.00596
29.46	-0.00563
29.47	-0.00509
29.48	-0.00382
29.49	-0.00255
29.5	-0.00147
29.51	-0.00027
29.52	0.00069
29.53	-0.0009
29.54	-0.00285
29.55	-0.0036
29.56	-0.00456
29.57	-0.00552
29.58	-0.00647
29.59	-0.00699
29.6	-0.00441
29.61	-0.00195
29.62	-0.00059
29.63	0.00073
29.64	-0.00179
29.65	-0.00347
29.66	-0.00406
29.67	-0.00438
29.68	-0.00424
29.69	-0.00453
29.7	-0.00403
29.71	0.00219
29.72	0.00913
29.73	0.0136
29.74	0.01981
29.75	0.02618
29.76	0.03194
29.77	0.03248
29.78	0.02763
29.79	0.0276
29.8	0.02723
29.81	0.02611
29.82	0.02538
29.83	0.02473
29.84	0.02402
29.85	0.02299
29.86	0.02061
29.87	0.0186
29.88	0.01689
29.89	0.01475
29.9	0.0127
29.91	0.0106
29.92	0.00845
29.93	0.00636
29.94	0.00386
29.95	0.00087
29.96	-0.00177
29.97	-0.00456
29.98	-0.00818
29.99	-0.01158
30	-0.01479
30.01	-0.01789
30.02	-0.0184
30.03	-0.01937
30.04	-0.02106
30.05	-0.02122
30.06	-0.01867
30.07	-0.01711
30.08	-0.01588
30.09	-0.01275
30.1	-0.00972
30.11	-0.00727
30.12	-0.00471
30.13	-0.00449
30.14	-0.00394
30.15	-0.00267
30.16	-0.00222
30.17	-0.0027
30.18	-0.00339
30.19	-0.00362
30.2	-0.00597
30.21	-0.01077
30.22	-0.0138
30.23	-0.01673
30.24	-0.01934
30.25	-0.02193
30.26	-0.02448
30.27	-0.02237
30.28	-0.01742
30.29	-0.01568
30.3	-0.0128
30.31	-0.00993
30.32	-0.00767
30.33	-0.00499
30.34	-0.00243
30.35	0.00003
30.36	-0.00014
30.37	-0.00301
30.38	-0.00348
30.39	-0.00463
30.4	-0.00632
30.41	-0.00577
30.42	-0.00508
30.43	-0.00526
30.44	-0.00484
30.45	-0.0029
30.46	0.00076
30.47	0.00319
30.48	0.00645
30.49	0.01179
30.5	0.01621
30.51	0.02026
30.52	0.02042
30.53	0.01751
30.54	0.0177
30.55	0.01666
30.56	0.01437
30.57	0.01296
30.58	0.01146
30.59	0.0103
30.6	0.01358
30.61	0.01602
30.62	0.01724
30.63	0.01975
30.64	0.02031
30.65	0.01947
30.66	0.0201
30.67	0.02021
30.68	0.01971
30.69	0.01736
30.7	0.01501
30.71	0.01338
30.72	0.01114
30.73	0.00971
30.74	0.01044
30.75	0.01027
30.76	0.00988
30.77	0.0101
30.78	0.00993
30.79	0.00527
30.8	-0.00212
30.81	-0.00641
30.82	-0.00975
30.83	-0.01101
30.84	-0.01349
30.85	-0.01588
30.86	-0.01723
30.87	-0.01827
30.88	-0.01966
30.89	-0.02096
30.9	-0.02175
30.91	-0.02165
30.92	-0.02193
30.93	-0.0223
30.94	-0.02469
30.95	-0.02938
30.96	-0.0321
30.97	-0.03405
30.98	-0.03332
30.99	-0.03343
31	-0.03375
31.01	-0.03216
31.02	-0.03086
31.03	-0.02804
31.04	-0.02428
31.05	-0.02108
31.06	-0.01789
31.07	-0.01878
31.08	-0.02013
31.09	-0.01986
31.1	-0.02007
31.11	-0.01686
31.12	-0.01381
31.13	-0.00984
31.14	-0.00336
31.15	0.00196
31.16	0.00313
31.17	0.00381
31.18	0.0066
31.19	0.00816
31.2	0.00778
31.21	0.00691
31.22	0.00482
31.23	0.00472
31.24	0.00589
31.25	0.007
31.26	0.00923
31.27	0.01138
31.28	0.01206
31.29	0.01127
31.3	0.01055
31.31	0.01206
31.32	0.01403
31.33	0.01352
31.34	0.01155
31.35	0.00735
31.36	0.00623
31.37	0.00384
31.38	0.00122
31.39	0.00412
31.4	0.00666
31.41	0.00924
31.42	0.01321
31.43	0.01351
31.44	0.01229
31.45	0.01221
31.46	0.01154
31.47	0.01146
31.48	0.01116
31.49	0.01046
31.5	0.00941
31.51	0.00776
31.52	0.00571
31.53	0.0045
31.54	0.00461
31.55	0.00525
31.56	0.01081
31.57	0.01555
31.58	0.01458
31.59	0.01375
31.6	0.01086
31.61	0.00576
31.62	0.00405
31.63	0.00134
31.64	-0.00217
31.65	-0.00285
31.66	-0.00282
31.67	-0.00147
31.68	0.00026
31.69	0.00288
31.7	0.0055
31.71	0.00752
31.72	0.00802
31.73	0.00496
31.74	0.00207
31.75	0.00181
31.76	0.00311
31.77	0.00294
31.78	0.00528
31.79	0.00819
31.8	0.00718
31.81	0.00645
31.82	0.007
31.83	0.0064
31.84	0.00594
31.85	0.00625
31.86	0.00616
31.87	0.00459
31.88	0.00226
31.89	-0.00074
31.9	-0.00214
31.91	-0.00432
31.92	-0.00699
31.93	-0.00629
31.94	-0.00569
31.95	-0.00277
31.96	-0.00024
31.97	0.00127
31.98	0.00398
31.99	0.00911
32	0.01255
32.01	0.01014
32.02	0.00942
32.03	0.00868
32.04	0.0066
32.05	0.0048
32.06	0.00327
32.07	0.0031
32.08	0.00384
32.09	0.00864
32.1	0.0126
32.11	0.01483
32.12	0.017
32.13	0.01804
32.14	0.01732
32.15	0.01691
32.16	0.01531
32.17	0.01422
32.18	0.01408
32.19	0.01349
32.2	0.01218
32.21	0.00886
32.22	0.00635
32.23	0.00596
32.24	0.00342
32.25	0.00026
32.26	0.00027
32.27	0.00045
32.28	-0.00028
32.29	-0.00026
32.3	-0.0017
32.31	-0.00328
32.32	-0.00426
32.33	-0.00617
32.34	-0.00816
32.35	-0.0098
32.36	-0.01168
32.37	-0.01359
32.38	-0.01302
32.39	-0.00936
32.4	-0.00681
32.41	-0.00122
32.42	0.00212
32.43	0.00197
32.44	0.0042
32.45	0.00355
32.46	0.00198
32.47	-0.00029
32.48	-0.00413
32.49	-0.00228
32.5	-0.00154
32.51	-0.0016
32.52	0.00089
32.53	0.00174
32.54	0.00172
32.55	0.00248
32.56	0.00041
32.57	-0.00195
32.58	0.0002
32.59	0.00201
32.6	0.00179
32.61	0.00132
32.62	-0.00151
32.63	-0.00465
32.64	-0.00543
32.65	-0.00739
32.66	-0.01068
32.67	-0.01322
32.68	-0.01245
32.69	-0.0089
32.7	-0.00578
32.71	-0.00577
32.72	-0.0067
32.73	-0.00765
32.74	-0.01046
32.75	-0.01213
32.76	-0.01416
32.77	-0.01681
32.78	-0.01987
32.79	-0.02207
32.8	-0.02363
32.81	-0.02364
32.82	-0.02389
32.83	-0.02271
32.84	-0.01984
32.85	-0.01808
32.86	-0.01313
32.87	-0.00705
32.88	-0.00006
32.89	0.00383
32.9	0.0079
32.91	0.01222
32.92	0.00956
32.93	0.00623
32.94	0.00232
32.95	-0.00031
32.96	0.00081
32.97	0.00223
32.98	0.00483
32.99	0.009
33	0.01233
33.01	0.01407
33.02	0.01339
33.03	0.0114
33.04	0.00563
33.05	0.00244
33.06	-0.00045
33.07	-0.00458
33.08	-0.00844
33.09	-0.01222
33.1	-0.01424
33.11	-0.01597
33.12	-0.01833
33.13	-0.01985
33.14	-0.02153
33.15	-0.02352
33.16	-0.02536
33.17	-0.02702
33.18	-0.02771
33.19	-0.02935
33.2	-0.0332
33.21	-0.03461
33.22	-0.03241
33.23	-0.03201
33.24	-0.03019
33.25	-0.02765
33.26	-0.02653
33.27	-0.02519
33.28	-0.02345
33.29	-0.02214
33.3	-0.02154
33.31	-0.02082
33.32	-0.01957
33.33	-0.01589
33.34	-0.01228
33.35	-0.00951
33.36	-0.00517
33.37	-0.00049
33.38	0.00514
33.39	0.01217
33.4	0.01806
33.41	0.02372
33.42	0.02915
33.43	0.02873
33.44	0.02734
33.45	0.02852
33.46	0.0256
33.47	0.02089
33.48	0.01805
33.49	0.01441
33.5	0.01144
33.51	0.00844
33.52	0.00583
33.53	0.00408
33.54	0.00174
33.55	-0.00047
33.56	-0.0024
33.57	-0.00451
33.58	-0.00661
33.59	-0.00827
33.6	-0.00961
33.61	-0.01089
33.62	-0.00693
33.63	-0.0009
33.64	0.00315
33.65	0.00893
33.66	0.01299
33.67	0.01349
33.68	0.01194
33.69	0.01218
33.7	0.01279
33.71	0.014
33.72	0.0148
33.73	0.01442
33.74	0.01114
33.75	0.00878
33.76	0.00528
33.77	0.0015
33.78	-0.00115
33.79	-0.0044
33.8	-0.00686
33.81	-0.00875
33.82	-0.011
33.83	-0.01131
33.84	-0.01183
33.85	-0.01295
33.86	-0.01347
33.87	-0.01388
33.88	-0.01447
33.89	-0.015
33.9	-0.01567
33.91	-0.0167
33.92	-0.01754
33.93	-0.01628
33.94	-0.01144
33.95	-0.00851
33.96	-0.00326
33.97	0.00538
33.98	0.01137
33.99	0.01786
34	0.0252
34.01	0.03132
34.02	0.0369
34.03	0.04051
34.04	0.03912
34.05	0.03781
34.06	0.03267
34.07	0.02828
34.08	0.02478
34.09	0.02103
34.1	0.01732
34.11	0.01362
34.12	0.0108
34.13	0.00902
34.14	0.00649
34.15	0.00406
34.16	0.00124
34.17	-0.00216
34.18	-0.00459
34.19	-0.00699
34.2	-0.00966
34.21	-0.01022
34.22	-0.01006
34.23	-0.01105
34.24	-0.01146
34.25	-0.01127
34.26	-0.00971
34.27	-0.00853
34.28	-0.00761
34.29	-0.00578
34.3	-0.00387
34.31	-0.00231
34.32	-0.00047
34.33	0.00192
34.34	0.00421
34.35	0.00648
34.36	0.01052
34.37	0.01514
34.38	0.01871
34.39	0.02237
34.4	0.02623
34.41	0.02916
34.42	0.03106
34.43	0.02786
34.44	0.02462
34.45	0.02322
34.46	0.01928
34.47	0.01502
34.48	0.01176
34.49	0.00789
34.5	0.00389
34.51	0.00172
34.52	0.00338
34.53	0.00345
34.54	0.00309
34.55	0.00374
34.56	0.00192
34.57	-0.0008
34.58	-0.00214
34.59	-0.0031
34.6	-0.00294
34.61	-0.0034
34.62	-0.00383
34.63	-0.00445
34.64	-0.00594
34.65	-0.00748
34.66	-0.01036
34.67	-0.01293
34.68	-0.01493
34.69	-0.01337
34.7	-0.01024
34.71	-0.0089
34.72	-0.00323
34.73	0.00272
34.74	0.00699
34.75	0.01204
34.76	0.01559
34.77	0.01921
34.78	0.02334
34.79	0.0258
34.8	0.02364
34.81	0.02275
34.82	0.02143
34.83	0.01894
34.84	0.01703
34.85	0.01279
34.86	0.00751
34.87	0.00263
34.88	-0.00326
34.89	-0.00817
34.9	-0.01136
34.91	-0.01542
34.92	-0.01859
34.93	-0.01876
34.94	-0.02013
34.95	-0.02036
34.96	-0.01784
34.97	-0.01695
34.98	-0.01425
34.99	-0.00787
35	-0.00359
35.01	-0.00215
35.02	-0.00153
35.03	0.00061
35.04	0.00288
35.05	0.00648
35.06	0.00816
35.07	0.00614
35.08	0.00596
35.09	0.00606
35.1	0.00564
35.11	0.00714
35.12	0.00814
35.13	0.00869
35.14	0.00862
35.15	0.00799
35.16	0.00693
35.17	0.00179
35.18	-0.00149
35.19	-0.00228
35.2	-0.00552
35.21	-0.0089
35.22	-0.01125
35.23	-0.01383
35.24	-0.01439
35.25	-0.0142
35.26	-0.01222
35.27	-0.01057
35.28	-0.00868
35.29	-0.0047
35.3	-0.00145
35.31	0.00143
35.32	0.00416
35.33	0.00675
35.34	0.00892
35.35	0.01021
35.36	0.01188
35.37	0.01224
35.38	0.01217
35.39	0.01281
35.4	0.01155
35.41	0.00753
35.42	0.00519
35.43	0.00422
35.44	0.00298
35.45	0.00171
35.46	0.00186
35.47	0.00161
35.48	0.00166
35.49	0.00277
35.5	0.00329
35.51	0.00373
35.52	0.00301
35.53	0.00163
35.54	0.00105
35.55	-0.00087
35.56	-0.00416
35.57	-0.0055
35.58	-0.00691
35.59	-0.0094
35.6	-0.01168
35.61	-0.01437
35.62	-0.01518
35.63	-0.01365
35.64	-0.0142
35.65	-0.01418
35.66	-0.01348
35.67	-0.01327
35.68	-0.01376
35.69	-0.01607
35.7	-0.01769
35.71	-0.01893
35.72	-0.0196
35.73	-0.02013
35.74	-0.01832
35.75	-0.01153
35.76	-0.00798
35.77	-0.00776
35.78	-0.00783
35.79	-0.00781
35.8	-0.00699
35.81	-0.00594
35.82	-0.00544
35.83	-0.00402
35.84	-0.00189
35.85	-0.0029
35.86	-0.00609
35.87	-0.0067
35.88	-0.00763
35.89	-0.00772
35.9	-0.0051
35.91	-0.0039
35.92	-0.00133
35.93	0.00241
35.94	0.00238
35.95	0.00012
35.96	0.00045
35.97	-0.00064
35.98	-0.003
35.99	-0.00477
36	-0.00736
36.01	-0.00882
36.02	-0.00885
36.03	-0.00993
36.04	-0.01061
36.05	-0.01097
36.06	-0.01176
36.07	-0.01355
36.08	-0.01507
36.09	-0.01617
36.1	-0.01576
36.11	-0.01501
36.12	-0.01504
36.13	-0.01433
36.14	-0.01182
36.15	-0.00983
36.16	-0.00674
36.17	-0.00279
36.18	-0.00139
36.19	0.00052
36.2	0.00062
36.21	0.00046
36.22	-0.00213
36.23	-0.00245
36.24	-0.00044
36.25	-0.00082
36.26	0.00038
36.27	0.00337
36.28	0.00526
36.29	0.00771
36.3	0.01011
36.31	0.00967
36.32	0.00899
36.33	0.00948
36.34	0.00724
36.35	0.00356
36.36	0.00657
36.37	0.00965
36.38	0.01026
36.39	0.01385
36.4	0.01728
36.41	0.01991
36.42	0.02338
36.43	0.02594
36.44	0.02314
36.45	0.02139
36.46	0.01935
36.47	0.01506
36.48	0.01209
36.49	0.00894
36.5	0.00467
36.51	-0.00098
36.52	-0.00659
36.53	-0.0144
36.54	-0.01968
36.55	-0.02022
36.56	-0.0211
36.57	-0.01869
36.58	-0.01668
36.59	-0.01116
36.6	-0.00528
36.61	0.00008
36.62	0.00594
36.63	0.01098
36.64	0.01265
36.65	0.01381
36.66	0.01659
36.67	0.01911
36.68	0.02136
36.69	0.02376
36.7	0.02615
36.71	0.02846
36.72	0.02954
36.73	0.02737
36.74	0.02639
36.75	0.02511
36.76	0.0229
36.77	0.02115
36.78	0.01692
36.79	0.01106
36.8	0.00775
36.81	0.00403
36.82	-0.00095
36.83	-0.00636
36.84	-0.01123
36.85	-0.01244
36.86	-0.01149
36.87	-0.01415
36.88	-0.01722
36.89	-0.01913
36.9	-0.02332
36.91	-0.0255
36.92	-0.0259
36.93	-0.02816
36.94	-0.03046
36.95	-0.03383
36.96	-0.03701
36.97	-0.03797
36.98	-0.03742
36.99	-0.03572
37	-0.02274
37.01	-0.0125
37.02	-0.00551
37.03	0.00459
37.04	0.01205
37.05	0.01518
37.06	0.01697
37.07	0.01928
37.08	0.0144
37.09	0.01068
37.1	0.00714
37.11	0.00194
37.12	0.00197
37.13	0.00081
37.14	-0.00158
37.15	-0.00243
37.16	-0.00337
37.17	-0.00247
37.18	-0.00117
37.19	0.00072
37.2	0.00294
37.21	0.00576
37.22	0.01115
37.23	0.01442
37.24	0.01579
37.25	0.01387
37.26	0.01289
37.27	0.00755
37.28	0.00193
37.29	0.00276
37.3	0.00053
37.31	0.00622
37.32	0.01719
37.33	0.01767
37.34	0.01452
37.35	0.01487
37.36	0.01074
37.37	0.0104
37.38	0.01349
37.39	0.01311
37.4	0.01463
37.41	0.01906
37.42	0.02154
37.43	0.02639
37.44	0.03616
37.45	0.03915
37.46	0.03731
37.47	0.03359
37.48	0.0272
37.49	0.023
37.5	0.01872
37.51	0.01502
37.52	0.00907
37.53	0.00063
37.54	-0.0036
37.55	-0.01052
37.56	-0.02165
37.57	-0.02354
37.58	-0.02587
37.59	-0.02636
37.6	-0.02606
37.61	-0.0267
37.62	-0.02515
37.63	-0.02266
37.64	-0.02144
37.65	-0.02252
37.66	-0.02614
37.67	-0.02795
37.68	-0.03385
37.69	-0.03997
37.7	-0.03988
37.71	-0.03881
37.72	-0.03647
37.73	-0.0326
37.74	-0.02886
37.75	-0.02192
37.76	-0.01575
37.77	-0.0099
37.78	-0.00306
37.79	0.00389
37.8	0.0095
37.81	0.01314
37.82	0.01781
37.83	0.02202
37.84	0.0253
37.85	0.02433
37.86	0.02254
37.87	0.02233
37.88	0.01757
37.89	0.01312
37.9	0.00705
37.91	-0.00219
37.92	-0.0092
37.93	-0.01819
37.94	-0.02831
37.95	-0.03174
37.96	-0.03489
37.97	-0.04028
37.98	-0.04272
37.99	-0.04549
38	-0.04734
38.01	-0.03703
38.02	-0.02642
38.03	-0.01971
38.04	-0.00899
38.05	-0.00394
38.06	-0.00489
38.07	-0.00075
38.08	0.00159
38.09	0.00267
38.1	0.00498
38.11	0.00735
38.12	0.00953
38.13	0.01178
38.14	0.01464
38.15	0.01846
38.16	0.02176
38.17	0.02504
38.18	0.0271
38.19	0.02757
38.2	0.02866
38.21	0.02389
38.22	0.0191
38.23	0.0182
38.24	0.01543
38.25	0.01044
38.26	0.0054
38.27	0.00194
38.28	-0.00078
38.29	-0.00112
38.3	0.00185
38.31	0.00239
38.32	0.00385
38.33	0.0053
38.34	0.00514
38.35	0.00365
38.36	-0.00066
38.37	-0.00338
38.38	-0.00585
38.39	-0.00664
38.4	-0.0075
38.41	-0.00886
38.42	-0.00729
38.43	-0.00484
38.44	-0.00282
38.45	0.00034
38.46	0.00313
38.47	0.00589
38.48	0.00822
38.49	0.00957
38.5	0.0115
38.51	0.01269
38.52	0.01319
38.53	0.01451
38.54	0.01825
38.55	0.02179
38.56	0.01679
38.57	0.01342
38.58	0.00871
38.59	0.0022
38.6	-0.0019
38.61	-0.00315
38.62	-0.00561
38.63	-0.00811
38.64	-0.00964
38.65	-0.01206
38.66	-0.01479
38.67	-0.01779
38.68	-0.02293
38.69	-0.02592
38.7	-0.02491
38.71	-0.02597
38.72	-0.02605
38.73	-0.02167
38.74	-0.01697
38.75	-0.01191
38.76	-0.00558
38.77	0.00177
38.78	0.00783
38.79	0.01331
38.8	0.01934
38.81	0.02523
38.82	0.02787
38.83	0.02516
38.84	0.02547
38.85	0.02751
38.86	0.02861
38.87	0.02946
38.88	0.029
38.89	0.02679
38.9	0.02824
38.91	0.02871
38.92	0.02809
38.93	0.02659
38.94	0.02419
38.95	0.02177
38.96	0.01555
38.97	0.01015
38.98	0.00713
38.99	0.00392
39	-0.00008
39.01	-0.00341
39.02	-0.00671
39.03	-0.01077
39.04	-0.01571
39.05	-0.0205
39.06	-0.02569
39.07	-0.02978
39.08	-0.0325
39.09	-0.03381
39.1	-0.02857
39.11	-0.02346
39.12	-0.0194
39.13	-0.01436
39.14	-0.00958
39.15	-0.00441
39.16	0.00442
39.17	0.01242
39.18	0.01894
39.19	0.02622
39.2	0.03152
39.21	0.03244
39.22	0.02947
39.23	0.02555
39.24	0.01904
39.25	0.01467
39.26	0.00958
39.27	-0.00053
39.28	-0.00904
39.29	-0.01387
39.3	-0.01784
39.31	-0.01951
39.32	-0.02155
39.33	-0.02389
39.34	-0.02544
39.35	-0.02677
39.36	-0.02442
39.37	-0.02066
39.38	-0.01285
39.39	-0.00577
39.4	-0.00016
39.41	0.00589
39.42	0.01163
39.43	0.01593
39.44	0.01941
39.45	0.0244
39.46	0.02625
39.47	0.02731
39.48	0.02889
39.49	0.02534
39.5	0.02283
39.51	0.02132
39.52	0.01819
39.53	0.01553
39.54	0.01207
39.55	0.00915
39.56	0.00935
39.57	0.01146
39.58	0.01417
39.59	0.01478
39.6	0.01592
39.61	0.01711
39.62	0.0162
39.63	0.01596
39.64	0.0173
39.65	0.02114
39.66	0.0211
39.67	0.01897
39.68	0.01956
39.69	0.01646
39.7	0.01112
39.71	0.00818
39.72	0.00257
39.73	-0.00401
39.74	-0.00781
39.75	-0.01163
39.76	-0.01493
39.77	-0.01653
39.78	-0.01552
39.79	-0.01611
39.8	-0.01349
39.81	-0.00722
39.82	-0.0044
39.83	-0.00351
39.84	-0.00168
39.85	-0.00455
39.86	-0.00891
39.87	-0.01153
39.88	-0.01578
39.89	-0.02041
39.9	-0.02589
39.91	-0.02948
39.92	-0.03107
39.93	-0.03286
39.94	-0.03353
39.95	-0.03383
39.96	-0.02841
39.97	-0.02419
39.98	-0.02211
39.99	-0.01739
40	-0.01085
40.01	-0.00569
40.02	-0.00163
40.03	0.00024
40.04	0.00312
40.05	0.00744
40.06	0.00756
40.07	0.00624
40.08	0.00611
40.09	0.00423
40.1	0.00178
40.11	-0.00154
40.12	-0.00363
40.13	-0.00585
40.14	-0.0077
40.15	-0.00906
40.16	-0.00999
40.17	-0.00751
40.18	-0.00626
40.19	-0.00617
40.2	-0.00441
40.21	-0.00091
40.22	0.00086
40.23	0.00048
40.24	0.00166
40.25	0.00191
40.26	-0.00409
40.27	-0.00777
40.28	-0.00991
40.29	-0.01439
40.3	-0.0184
40.31	-0.02191
40.32	-0.02509
40.33	-0.02566
40.34	-0.02689
40.35	-0.02798
40.36	-0.02733
40.37	-0.02564
40.38	-0.02061
40.39	-0.01583
40.4	-0.01055
40.41	-0.00487
40.42	0.00111
40.43	0.00464
40.44	0.00541
40.45	0.00707
40.46	0.00536
40.47	0.00248
40.48	-0.00098
40.49	-0.00358
40.5	-0.00574
40.51	-0.00858
40.52	-0.01216
40.53	-0.01488
40.54	-0.01617
40.55	-0.01802
40.56	-0.01839
40.57	-0.01864
40.58	-0.01944
40.59	-0.0187
40.6	-0.01728
40.61	-0.01642
40.62	-0.01383
40.63	-0.01029
40.64	-0.00637
40.65	-0.00174
40.66	0.0029
40.67	0.00447
40.68	0.00236
40.69	0.00189
40.7	0.00127
40.71	-0.00132
40.72	-0.00275
40.73	-0.00373
40.74	-0.00482
40.75	-0.0033
40.76	-0.00234
40.77	-0.0006
40.78	0.00329
40.79	0.00622
40.8	0.0098
40.81	0.01397
40.82	0.01916
40.83	0.02442
40.84	0.03057
40.85	0.03681
40.86	0.0432
40.87	0.0498
40.88	0.05376
40.89	0.05149
40.9	0.04532
40.91	0.03719
40.92	0.03028
40.93	0.02409
40.94	0.01816
40.95	0.01156
40.96	0.00367
40.97	0.00011
40.98	-0.00138
40.99	-0.00688
41	-0.01113
41.01	-0.01208
41.02	-0.01385
41.03	-0.01355
41.04	-0.01133
41.05	-0.01087
41.06	-0.00978
41.07	-0.00814
41.08	-0.00638
41.09	-0.00466
41.1	-0.00274
41.11	-0.00029
41.12	0.0017
41.13	0.00151
41.14	0.00116
41.15	0.00178
41.16	0.00357
41.17	0.00647
41.18	0.00614
41.19	0.00411
41.2	0.00427
41.21	0.0031
41.22	0.00014
41.23	-0.00068
41.24	0.00053
41.25	0.00021
41.26	0.00056
41.27	0.00215
41.28	0.00295
41.29	0.0039
41.3	0.00527
41.31	0.00632
41.32	0.00506
41.33	0.00243
41.34	0.00137
41.35	-0.00041
41.36	-0.0026
41.37	-0.00462
41.38	-0.00655
41.39	-0.00813
41.4	-0.00988
41.41	-0.01169
41.42	-0.01366
41.43	-0.01567
41.44	-0.01681
41.45	-0.01753
41.46	-0.01858
41.47	-0.01781
41.48	-0.01579
41.49	-0.01066
41.5	-0.00647
41.51	-0.0027
41.52	0.00259
41.53	0.007
41.54	0.01025
41.55	0.01317
41.56	0.01453
41.57	0.01561
41.58	0.01417
41.59	0.01318
41.6	0.01209
41.61	0.01043
41.62	0.00854
41.63	0.00544
41.64	0.00576
41.65	0.0074
41.66	0.00705
41.67	0.00859
41.68	0.01042
41.69	0.01136
41.7	0.01267
41.71	0.01397
41.72	0.01206
41.73	0.00827
41.74	0.00633
41.75	0.00361
41.76	0.00324
41.77	0.00428
41.78	0.00364
41.79	0.00418
41.8	0.0068
41.81	0.00854
41.82	0.01068
41.83	0.01187
41.84	0.01223
41.85	0.01038
41.86	0.007
41.87	0.00603
41.88	0.00465
41.89	0.00232
41.9	0.00125
41.91	0.00142
41.92	0.00092
41.93	0.0022
41.94	0.00411
41.95	0.00523
41.96	0.00594
41.97	0.00587
41.98	0.0059
41.99	0.00164
42	-0.0027
42.01	-0.00548
42.02	-0.00958
42.03	-0.01424
42.04	-0.01882
42.05	-0.01737
42.06	-0.01697
42.07	-0.01578
42.08	-0.01081
42.09	-0.0131
42.1	-0.01411
42.11	-0.01242
42.12	-0.01292
42.13	-0.01251
42.14	-0.01057
42.15	-0.00975
42.16	-0.00945
42.17	-0.00851
42.18	-0.00368
42.19	0.00128
42.2	0.0018
42.21	0.00004
42.22	-0.001
42.23	-0.00807
42.24	-0.01342
42.25	-0.0103
42.26	-0.00803
42.27	-0.00328
42.28	0.0045
42.29	0.00802
42.3	0.0093
42.31	0.01041
42.32	0.01167
42.33	0.01062
42.34	0.00934
42.35	0.00772
42.36	0.0053
42.37	0.00365
42.38	0.0037
42.39	0.00591
42.4	0.00877
42.41	0.01039
42.42	0.01233
42.43	0.01345
42.44	0.0127
42.45	0.01244
42.46	0.00774
42.47	0.00405
42.48	0.00296
42.49	0.00186
42.5	0.00344
42.51	0.00391
42.52	0.00489
42.53	0.00883
42.54	0.00958
42.55	0.00947
42.56	0.01046
42.57	0.00768
42.58	0.00552
42.59	0.00427
42.6	0.00123
42.61	-0.00195
42.62	-0.00506
42.63	-0.00857
42.64	-0.00974
42.65	-0.01064
42.66	-0.01259
42.67	-0.01344
42.68	-0.01132
42.69	-0.00999
42.7	-0.00949
42.71	-0.00791
42.72	-0.00368
42.73	0.00026
42.74	0.00362
42.75	0.00733
42.76	0.00613
42.77	0.00596
42.78	0.00683
42.79	0.00533
42.8	0.00351
42.81	0.00064
42.82	-0.00117
42.83	0.00018
42.84	0.00032
42.85	0.00022
42.86	0.00178
42.87	0.00278
42.88	0.00344
42.89	0.00344
42.9	0.00334
42.91	0.00358
42.92	0.00333
42.93	0.0012
42.94	-0.00078
42.95	-0.00214
42.96	-0.00411
42.97	-0.00631
42.98	-0.00887
42.99	-0.01116
43	-0.01323
43.01	-0.01552
43.02	-0.01802
43.03	-0.02086
43.04	-0.021
43.05	-0.01867
43.06	-0.01867
43.07	-0.01768
43.08	-0.01355
43.09	-0.01006
43.1	-0.00762
43.11	-0.00504
43.12	-0.00344
43.13	-0.00396
43.14	-0.00347
43.15	-0.00289
43.16	-0.00182
43.17	0.00143
43.18	0.0037
43.19	0.00621
43.2	0.00955
43.21	0.01219
43.22	0.01287
43.23	0.01342
43.24	0.01478
43.25	0.01545
43.26	0.0149
43.27	0.0141
43.28	0.01387
43.29	0.01305
43.3	0.01201
43.31	0.01127
43.32	0.01033
43.33	0.00854
43.34	0.0067
43.35	0.00519
43.36	0.00211
43.37	-0.00144
43.38	-0.00313
43.39	-0.00487
43.4	-0.00499
43.41	-0.00558
43.42	-0.00617
43.43	-0.00583
43.44	-0.00588
43.45	-0.00813
43.46	-0.0118
43.47	-0.00813
43.48	-0.00657
43.49	-0.00673
43.5	-0.00491
43.51	-0.00354
43.52	-0.00422
43.53	-0.00677
43.54	-0.0067
43.55	-0.00539
43.56	-0.0057
43.57	-0.00443
43.58	-0.00174
43.59	-0.00004
43.6	0.00252
43.61	0.00466
43.62	0.00312
43.63	0.00244
43.64	0.00203
43.65	-0.00066
43.66	-0.00213
43.67	-0.00311
43.68	-0.00463
43.69	-0.00314
43.7	-0.00114
43.71	-0.00062
43.72	-0.00068
43.73	-0.00115
43.74	-0.00141
43.75	-0.00472
43.76	-0.00858
43.77	-0.00879
43.78	-0.00768
43.79	-0.00856
43.8	-0.00765
43.81	-0.00636
43.82	-0.00592
43.83	-0.00505
43.84	-0.00444
43.85	-0.0063
43.86	-0.00764
43.87	-0.00831
43.88	-0.00941
43.89	-0.01025
43.9	-0.01055
43.91	-0.00688
43.92	-0.00296
43.93	0.00051
43.94	0.00083
43.95	-0.00013
43.96	0.00032
43.97	-0.00125
43.98	-0.00261
43.99	-0.0032
44	-0.00204
44.01	-0.00089
44.02	-0.00042
44.03	0.00084
44.04	0.00234
44.05	0.00349
44.06	0.0052
44.07	0.00807
44.08	0.01025
44.09	0.01173
44.1	0.01273
44.11	0.01302
44.12	0.01088
44.13	0.00928
44.14	0.00775
44.15	0.00504
44.16	0.00362
44.17	0.00266
44.18	0.00186
44.19	0.003
44.2	0.0034
44.21	0.00297
44.22	0.00222
44.23	0.0018
44.24	-0.0002
44.25	-0.00321
44.26	-0.00463
44.27	-0.00646
44.28	-0.00874
44.29	-0.0105
44.3	-0.0109
44.31	-0.01084
44.32	-0.01153
44.33	-0.01012
44.34	-0.00554
44.35	-0.00276
44.36	-0.00294
44.37	-0.00509
44.38	-0.00515
44.39	-0.00661
44.4	-0.0086
44.41	-0.00926
44.42	-0.01015
44.43	-0.01138
44.44	-0.01075
44.45	-0.00677
44.46	-0.00511
44.47	-0.00338
44.48	-0.00062
44.49	0.00121
44.5	0.00291
44.51	0.00361
44.52	0.00389
44.53	0.00458
44.54	0.00353
44.55	0.00266
44.56	0.00233
44.57	0.00056
44.58	-0.00237
44.59	-0.00355
44.6	-0.003
44.61	-0.00354
44.62	-0.00403
44.63	-0.003
44.64	-0.00185
44.65	-0.00086
44.66	0.0021
44.67	0.0044
44.68	0.00386
44.69	0.00265
44.7	0.00207
44.71	0.00118
44.72	0.00102
44.73	0.00342
44.74	0.00496
44.75	0.00891
44.76	0.0129
44.77	0.01029
44.78	0.01068
44.79	0.01137
44.8	0.00738
44.81	0.00561
44.82	0.00536
44.83	0.00478
44.84	0.0064
44.85	0.01148
44.86	0.01334
44.87	0.01201
44.88	0.01402
44.89	0.01533
44.9	0.01623
44.91	0.01829
44.92	0.01924
44.93	0.01795
44.94	0.01722
44.95	0.01661
44.96	0.01523
44.97	0.01145
44.98	0.00627
44.99	0.00023
45	-0.00222
45.01	-0.00092
45.02	-0.00159
45.03	-0.00189
45.04	-0.00044
45.05	0.00005
45.06	0.00124
45.07	0.00442
45.08	0.00637
45.09	0.0051
45.1	0.0045
45.11	0.00477
45.12	0.00406
45.13	0.00347
45.14	0.00378
45.15	0.00564
45.16	0.00698
45.17	0.0084
45.18	0.01017
45.19	0.01172
45.2	0.01353
45.21	0.01555
45.22	0.01449
45.23	0.01296
45.24	0.01229
45.25	0.01064
45.26	0.00913
45.27	0.00725
45.28	0.00402
45.29	-0.00028
45.3	-0.00349
45.31	-0.00643
45.32	-0.00818
45.33	-0.00775
45.34	-0.00892
45.35	-0.00975
45.36	-0.01051
45.37	-0.01412
45.38	-0.01535
45.39	-0.01607
45.4	-0.01818
45.41	-0.02186
45.42	-0.02025
45.43	-0.01638
45.44	-0.01295
45.45	-0.01025
45.46	-0.00833
45.47	-0.00368
45.48	0.00118
45.49	0.00381
45.5	0.00449
45.51	0.00632
45.52	0.00802
45.53	0.00771
45.54	0.00793
45.55	0.00839
45.56	0.00705
45.57	0.00616
45.58	0.00631
45.59	0.00584
45.6	0.00476
45.61	0.00255
45.62	0.00186
45.63	0.00274
45.64	0.0024
45.65	0.00421
45.66	0.00714
45.67	0.00789
45.68	0.006
45.69	0.0053
45.7	0.00456
45.71	0.00245
45.72	0.00074
45.73	-0.00311
45.74	-0.00646
45.75	-0.00435
45.76	-0.00413
45.77	-0.00517
45.78	-0.00478
45.79	-0.00475
45.8	-0.00599
45.81	-0.00713
45.82	-0.00705
45.83	-0.00585
45.84	-0.00525
45.85	-0.00292
45.86	0.00002
45.87	-0.00043
45.88	-0.00279
45.89	-0.00287
45.9	-0.00368
45.91	-0.00492
45.92	-0.00575
45.93	-0.00766
45.94	-0.01021
45.95	-0.01203
45.96	-0.01376
45.97	-0.01422
45.98	-0.01493
45.99	-0.01594
46	-0.01576
46.01	-0.01515
46.02	-0.01514
46.03	-0.01437
46.04	-0.01343
46.05	-0.01283
46.06	-0.01116
46.07	-0.00859
46.08	-0.0085
46.09	-0.00972
46.1	-0.00929
46.11	-0.00931
46.12	-0.00866
46.13	-0.00784
46.14	-0.0074
46.15	-0.00645
46.16	-0.00487
46.17	-0.00355
46.18	-0.00117
46.19	0.00179
46.2	0.00376
46.21	0.00362
46.22	0.0037
46.23	0.00444
46.24	0.00357
46.25	0.00216
46.26	0.00158
46.27	0.00081
46.28	0.00056
46.29	0.00031
46.3	-0.00015
46.31	-0.00042
46.32	-0.00073
46.33	-0.00135
46.34	-0.00197
46.35	-0.00245
46.36	-0.00252
46.37	-0.00241
46.38	-0.00258
46.39	-0.00278
46.4	-0.00296
46.41	-0.00313
46.42	-0.00333
46.43	-0.00414
46.44	-0.00576
46.45	-0.00675
46.46	-0.00698
46.47	-0.00711
46.48	-0.00759
46.49	-0.00778
46.5	-0.00706
46.51	-0.00611
46.52	-0.00563
46.53	-0.00531
46.54	-0.0052
46.55	-0.0049
46.56	-0.00464
46.57	-0.00428
46.58	-0.00389
46.59	-0.00357
46.6	-0.00319
46.61	-0.00201
46.62	0.0006
46.63	0.00245
46.64	0.00427
46.65	0.00646
46.66	0.00846
46.67	0.01034
46.68	0.0113
46.69	0.01226
46.7	0.0134
46.71	0.01306
46.72	0.01295
46.73	0.01306
46.74	0.01133
46.75	0.00876
46.76	0.00622
46.77	0.00475
46.78	0.00421
46.79	0.0029
46.8	0.00226
46.81	0.00189
46.82	0.0013
46.83	0.00275
46.84	0.00494
46.85	0.00593
46.86	0.00667
46.87	0.0073
46.88	0.00813
46.89	0.00871
46.9	0.00847
46.91	0.00844
46.92	0.00772
46.93	0.00589
46.94	0.00475
46.95	0.00228
46.96	0.00048
46.97	0.00269
46.98	0.00354
46.99	0.00384
47	0.00556
47.01	0.00669
47.02	0.00683
47.03	0.00727
47.04	0.00791
47.05	0.00808
47.06	0.00678
47.07	0.00559
47.08	0.00491
47.09	0.00395
47.1	0.00309
47.11	0.00252
47.12	0.00208
47.13	0.00149
47.14	0.00104
47.15	0.00098
47.16	0.00078
47.17	0.00052
47.18	0.00034
47.19	-0.00053
47.2	-0.00183
47.21	-0.00261
47.22	-0.00343
47.23	-0.00427
47.24	-0.00446
47.25	-0.00485
47.26	-0.00581
47.27	-0.00664
47.28	-0.00733
47.29	-0.00832
47.3	-0.00939
47.31	-0.01012
47.32	-0.0095
47.33	-0.00917
47.34	-0.00898
47.35	-0.00794
47.36	-0.0072
47.37	-0.0065
47.38	-0.00522
47.39	-0.00408
47.4	-0.00307
47.41	-0.00218
47.42	-0.00159
47.43	-0.00078
47.44	-0.00003
47.45	0.00056
47.46	0.00122
47.47	0.0019
47.48	0.0019
47.49	0.00108
47.5	0.00084
47.51	0.00051
47.52	0.00146
47.53	0.0045
47.54	0.00617
47.55	0.00777
47.56	0.00801
47.57	0.008
47.58	0.00875
47.59	0.00962
47.6	0.01055
47.61	0.01119
47.62	0.01061
47.63	0.01031
47.64	0.01034
47.65	0.00925
47.66	0.00699
47.67	0.00547
47.68	0.00479
47.69	0.00464
47.7	0.00415
47.71	0.00425
47.72	0.00378
47.73	0.00135
47.74	-0.00042
47.75	-0.00097
47.76	-0.00057
47.77	-0.00108
47.78	-0.00254
47.79	-0.00337
47.8	-0.00409
47.81	-0.00429
47.82	-0.00405
47.83	-0.00471
47.84	-0.00578
47.85	-0.00633
47.86	-0.00693
47.87	-0.00718
47.88	-0.00745
47.89	-0.00713
47.9	-0.00598
47.91	-0.00548
47.92	-0.00461
47.93	-0.00314
47.94	-0.00204
47.95	-0.00111
47.96	-0.00023
47.97	0.00068
47.98	0.00108
47.99	0.00146
48	0.00204
48.01	0.00247
48.02	0.0029
48.03	0.00334
48.04	0.00374
48.05	0.00416
48.06	0.00457
48.07	0.00493
48.08	0.00516
48.09	0.00544
48.1	0.00623
48.11	0.00822
48.12	0.00972
48.13	0.01092
48.14	0.01184
48.15	0.01282
48.16	0.01389
48.17	0.01458
48.18	0.01357
48.19	0.01292
48.2	0.01247
48.21	0.01118
48.22	0.00997
48.23	0.00698
48.24	0.00423
48.25	0.00354
48.26	0.00192
48.27	0.00068
48.28	0.00089
48.29	0.00085
48.3	0.00156
48.31	0.00212
48.32	0.00272
48.33	0.00363
48.34	0.00436
48.35	0.00357
48.36	0.00136
48.37	0.00039
48.38	-0.00116
48.39	-0.00307
48.4	-0.00533
48.41	-0.00793
48.42	-0.00971
48.43	-0.01145
48.44	-0.01354
48.45	-0.01525
48.46	-0.0167
48.47	-0.0178
48.48	-0.01898
48.49	-0.02018
48.5	-0.01975
48.51	-0.01838
48.52	-0.0181
48.53	-0.01638
48.54	-0.01342
48.55	-0.01243
48.56	-0.01257
48.57	-0.01163
48.58	-0.01099
48.59	-0.01086
48.6	-0.01056
48.61	-0.0112
48.62	-0.01192
48.63	-0.01186
48.64	-0.01114
48.65	-0.01081
48.66	-0.01047
48.67	-0.00925
48.68	-0.00771
48.69	-0.0067
48.7	-0.00529
48.71	-0.00339
48.72	-0.00202
48.73	-0.00278
48.74	-0.00373
48.75	-0.00322
48.76	-0.00237
48.77	-0.0021
48.78	-0.00189
48.79	-0.00194
48.8	-0.00134
48.81	0.00137
48.82	0.00329
48.83	0.00355
48.84	0.00399
48.85	0.00497
48.86	0.0053
48.87	0.0055
48.88	0.00703
48.89	0.01071
48.9	0.0103
48.91	0.00974
48.92	0.01098
48.93	0.01013
48.94	0.00874
48.95	0.00956
48.96	0.01036
48.97	0.00919
48.98	0.00745
48.99	0.00608
49	0.00337
49.01	0.00126
49.02	-0.00066
49.03	-0.00189
49.04	-0.00255
49.05	-0.00379
49.06	-0.0035
49.07	-0.00181
49.08	-0.0014
49.09	-0.0005
49.1	0.00161
49.11	0.00307
49.12	0.003
49.13	0.00352
49.14	0.0043
49.15	0.0041
49.16	0.00351
49.17	0.00354
49.18	0.00397
49.19	0.00417
49.2	0.00428
49.21	0.00394
49.22	0.00333
49.23	0.00304
49.24	0.0025
49.25	0.00171
49.26	0.00123
49.27	0.00252
49.28	0.0044
49.29	0.0053
49.3	0.0062
49.31	0.00591
49.32	0.00546
49.33	0.00546
49.34	0.00627
49.35	0.00668
49.36	0.00672
49.37	0.00486
49.38	0.00284
49.39	0.00055
49.4	-0.00216
49.41	-0.00465
49.42	-0.00736
49.43	-0.00938
49.44	-0.00963
49.45	-0.01062
49.46	-0.0116
49.47	-0.01154
49.48	-0.01189
49.49	-0.01292
49.5	-0.01406
49.51	-0.0143
49.52	-0.01241
49.53	-0.01123
49.54	-0.00922
49.55	-0.00493
49.56	-0.00204
49.57	-0.00018
49.58	-0.00141
49.59	-0.00307
49.6	-0.00477
49.61	-0.00364
49.62	-0.00314
49.63	-0.0017
49.64	0.00245
49.65	0.00478
49.66	0.0073
49.67	0.00899
49.68	0.00875
49.69	0.01003
49.7	0.01211
49.71	0.01348
49.72	0.01466
49.73	0.01614
49.74	0.01736
49.75	0.01678
49.76	0.01631
49.77	0.01521
49.78	0.01148
49.79	0.01118
49.8	0.0125
49.81	0.01151
49.82	0.01142
49.83	0.01173
49.84	0.01092
49.85	0.01066
49.86	0.01197
49.87	0.01229
49.88	0.01205
49.89	0.01043
49.9	0.00623
49.91	0.00334
49.92	0.00195
49.93	-0.0005
49.94	-0.00213
49.95	-0.00303
49.96	-0.00459
49.97	-0.00614
49.98	-0.00795
49.99	-0.01054
50	-0.01254
50.01	-0.01367
50.02	-0.01553
50.03	-0.0126
50.04	-0.00745
50.05	-0.00369
50.06	0.00305
50.07	0.0068
50.08	0.00833
50.09	0.01007
50.1	0.01147
50.11	0.01145
50.12	0.01109
50.13	0.00932
50.14	0.00646
50.15	0.00406
50.16	-0.00057
50.17	-0.00619
50.18	-0.00726
50.19	-0.0056
50.2	-0.00401
50.21	-0.0029
50.22	-0.00761
50.23	-0.00829
50.24	-0.00736
50.25	-0.00831
50.26	-0.00649
50.27	-0.00141
50.28	0.00209
50.29	0.00423
50.3	0.00474
50.31	0.00453
50.32	0.0015
50.33	-0.00131
50.34	-0.00633
50.35	-0.00993
50.36	-0.01159
50.37	-0.01294
50.38	-0.01156
50.39	-0.01145
50.4	-0.01082
50.41	-0.00977
50.42	-0.00657
50.43	0.00037
50.44	0.00134
50.45	-0.00109
50.46	-0.00241
50.47	-0.00473
50.48	-0.00744
50.49	-0.01057
50.5	-0.01045
50.51	-0.01084
50.52	-0.01269
50.53	-0.0135
50.54	-0.01288
50.55	-0.01155
50.56	-0.00906
50.57	-0.00616
50.58	-0.00234
50.59	0.00211
50.6	0.00226
50.61	0.00214
50.62	0.00036
50.63	-0.00156
50.64	-0.00299
50.65	-0.00551
50.66	-0.00961
50.67	-0.01003
50.68	-0.00921
50.69	-0.00902
50.7	-0.00823
50.71	-0.00685
50.72	-0.00554
50.73	-0.00439
50.74	-0.00271
50.75	0.00042
50.76	0.00176
50.77	0.0012
50.78	-0.00093
50.79	-0.00332
50.8	-0.00664
50.81	-0.00976
50.82	-0.00947
50.83	-0.00855
50.84	-0.00497
50.85	0.00002
50.86	0.00229
50.87	0.00126
50.88	0.00127
50.89	0.00091
50.9	-0.00059
50.91	-0.0002
50.92	0.00165
50.93	0.00149
50.94	-0.00018
50.95	-0.00119
50.96	-0.00274
50.97	-0.00296
50.98	-0.00292
50.99	-0.00053
51	0.00395
51.01	0.0042
51.02	0.00553
51.03	0.00798
51.04	0.00923
51.05	0.01057
51.06	0.01079
51.07	0.01085
51.08	0.01121
51.09	0.0104
51.1	0.01054
51.11	0.01124
51.12	0.01117
51.13	0.01108
51.14	0.01121
51.15	0.01301
51.16	0.01555
51.17	0.01567
51.18	0.01645
51.19	0.01609
51.2	0.01482
51.21	0.01456
51.22	0.01394
51.23	0.01271
51.24	0.00892
51.25	0.00503
51.26	0.00248
51.27	0.002
51.28	0.00157
51.29	0.0011
51.3	0.00097
51.31	0.00285
51.32	0.0046
51.33	0.00421
51.34	0.00251
51.35	0.0023
51.36	0.00337
51.37	0.00395
51.38	0.00465
51.39	0.00617
51.4	0.00475
51.41	0.00132
51.42	0.00114
51.43	-0.00059
51.44	-0.00288
51.45	-0.00453
51.46	-0.00648
51.47	-0.0084
51.48	-0.00885
51.49	-0.00928
51.5	-0.00714
51.51	-0.0032
51.52	-0.00377
51.53	-0.00296
51.54	-0.0013
51.55	-0.00309
51.56	-0.00491
51.57	-0.00487
51.58	-0.00458
51.59	-0.00477
51.6	-0.00366
51.61	-0.00258
51.62	-0.00338
51.63	-0.00524
51.64	-0.00588
51.65	-0.00706
51.66	-0.00848
51.67	-0.00886
51.68	-0.00886
51.69	-0.00922
51.7	-0.00729
51.71	-0.00494
51.72	-0.00453
51.73	-0.0057
51.74	-0.005
51.75	-0.00203
51.76	-0.0005
51.77	0.00097
51.78	0.00297
51.79	0.00369
51.8	0.00223
51.81	0.0017
51.82	0.0008
51.83	-0.00062
51.84	-0.00105
51.85	-0.00168
51.86	-0.00217
51.87	-0.00244
51.88	-0.00235
51.89	-0.00259
51.9	-0.00498
51.91	-0.00755
51.92	-0.00866
51.93	-0.01005
51.94	-0.01179
51.95	-0.01235
51.96	-0.01296
51.97	-0.01219
51.98	-0.00938
51.99	-0.00793
52	-0.00394
52.01	0.00086
52.02	0.00412
52.03	0.00653
52.04	0.00649
52.05	0.00699
52.06	0.00627
52.07	0.00543
52.08	0.00575
52.09	0.00581
52.1	0.00569
52.11	0.00682
52.12	0.00716
52.13	0.00528
52.14	0.00443
52.15	0.00339
52.16	0.00158
52.17	0.00036
52.18	0.00012
52.19	-0.00117
52.2	-0.00489
52.21	-0.00719
52.22	-0.0067
52.23	-0.00655
52.24	-0.00724
52.25	-0.00594
52.26	-0.00392
52.27	-0.00295
52.28	-0.00123
52.29	0.00141
52.3	0.00322
52.31	0.00292
52.32	0.00322
52.33	0.00295
52.34	0.00135
52.35	0.00072
52.36	0.00028
52.37	-0.00055
52.38	-0.00032
52.39	0.00091
52.4	0.00124
52.41	0.00182
52.42	0.00257
52.43	0.00313
52.44	0.00324
52.45	0.00269
52.46	0.00257
52.47	0.00244
52.48	0.00232
52.49	0.00116
52.5	-0.00053
52.51	-0.00153
52.52	-0.00317
52.53	-0.00508
52.54	-0.00446
52.55	-0.00262
52.56	-0.00236
52.57	-0.00091
52.58	0.00212
52.59	0.00346
52.6	0.00478
52.61	0.00738
52.62	0.01025
52.63	0.01175
52.64	0.01128
52.65	0.0118
52.66	0.01193
52.67	0.00939
52.68	0.00768
52.69	0.0069
52.7	0.00655
52.71	0.00593
52.72	0.00526
52.73	0.00452
52.74	0.00366
52.75	0.00292
52.76	0.00239
52.77	0.00192
52.78	0.00134
52.79	-0.00046
52.8	-0.00389
52.81	-0.00571
52.82	-0.00741
52.83	-0.00887
52.84	-0.00737
52.85	-0.00683
52.86	-0.00675
52.87	-0.00498
52.88	-0.00234
52.89	-0.00059
52.9	0.00165
52.91	0.00454
52.92	0.00634
52.93	0.00337
52.94	0.00122
52.95	-0.00147
52.96	-0.00143
52.97	0.00236
52.98	0.00634
52.99	0.01157
53	0.01847
53.01	0.02333
53.02	0.02427
53.03	0.02065
53.04	0.017
53.05	0.01157
53.06	0.00706
53.07	0.00457
53.08	0.00713
53.09	0.00908
53.1	0.01115
53.11	0.01312
53.12	0.01201
53.13	0.01175
53.14	0.01127
53.15	0.00871
53.16	0.00708
53.17	0.00505
53.18	0.00184
53.19	-0.00094
53.2	-0.00153
53.21	-0.00113
53.22	-0.00208
53.23	-0.00075
53.24	0.00305
53.25	0.0047
53.26	0.00361
53.27	0.00273
53.28	0.00219
53.29	-0.00077
53.3	-0.00311
53.31	-0.00504
53.32	-0.00754
53.33	-0.00903
53.34	-0.0098
53.35	-0.00889
53.36	-0.00618
53.37	-0.00502
53.38	-0.00364
53.39	-0.00382
53.4	-0.00399
53.41	-0.00369
53.42	-0.00532
53.43	-0.00686
53.44	-0.00667
53.45	-0.00559
53.46	-0.00547
53.47	-0.00493
53.48	-0.00393
53.49	-0.00327
53.5	-0.00244
53.51	-0.00123
53.52	-0.0002
53.53	0.00084
53.54	0.00224
53.55	0.00341
53.56	0.00359
53.57	0.00378
53.58	0.0016
53.59	-0.00128
53.6	-0.00282
53.61	-0.00228
53.62	-0.00005
53.63	0.00109
53.64	0.00318
53.65	0.00371
53.66	0.00295
53.67	0.00329
53.68	0.00072
53.69	-0.00253
53.7	-0.00335
53.71	-0.00317
53.72	-0.00409
53.73	-0.00488
53.74	-0.00649
53.75	-0.00831
53.76	-0.00967
53.77	-0.0113
53.78	-0.0127
53.79	-0.012
53.8	-0.01104
53.81	-0.01086
53.82	-0.00878
53.83	-0.00644
53.84	-0.00628
53.85	-0.00805
53.86	-0.00775
53.87	-0.00713
53.88	-0.00793
53.89	-0.0084
53.9	-0.00854
53.91	-0.00898
53.92	-0.00903
53.93	-0.00856
53.94	-0.00846
53.95	-0.00802
53.96	-0.00518
53.97	-0.00255
53.98	-0.00101
53.99	0.00118
54	0.00257
54.01	0.00049
54.02	0.00186
54.03	0.00388
54.04	0.00437
54.05	0.00661
54.06	0.00727
54.07	0.00271
54.08	0.00077
54.09	0.00138
54.1	0.00271
54.11	0.0041
54.12	0.00494
54.13	0.00287
54.14	0.00093
54.15	0.00002
54.16	-0.00191
54.17	-0.00161
54.18	0.00042
54.19	0.00067
54.2	0.00131
54.21	0.00204
54.22	0.00343
54.23	0.00506
54.24	0.00594
54.25	0.0046
54.26	0.00334
54.27	0.00259
54.28	0.00121
54.29	-0.00086
54.3	-0.00334
54.31	-0.00331
54.32	-0.00399
54.33	-0.00695
54.34	-0.00926
54.35	-0.00986
54.36	-0.00762
54.37	-0.00547
54.38	-0.00529
54.39	-0.00425
54.4	-0.00292
54.41	-0.00413
54.42	-0.00648
54.43	-0.00721
54.44	-0.00735
54.45	-0.00761
54.46	-0.00808
54.47	-0.00819
54.48	-0.00819
54.49	-0.00837
54.5	-0.00934
54.51	-0.01082
54.52	-0.01171
54.53	-0.01257
54.54	-0.01347
54.55	-0.01428
54.56	-0.01381
54.57	-0.01288
54.58	-0.01244
54.59	-0.01082
54.6	-0.00931
54.61	-0.00814
54.62	-0.00573
54.63	0.00019
54.64	0.00452
54.65	0.00629
54.66	0.00969
54.67	0.01168
54.68	0.01096
54.69	0.01194
54.7	0.01257
54.71	0.01185
54.72	0.01172
54.73	0.01171
54.74	0.01123
54.75	0.00986
54.76	0.00872
54.77	0.00793
54.78	0.00809
54.79	0.00849
54.8	0.00839
54.81	0.00815
54.82	0.00686
54.83	0.0054
54.84	0.00349
54.85	0.00167
54.86	-0.00041
54.87	-0.00264
54.88	-0.00345
54.89	-0.00382
54.9	-0.00363
54.91	-0.00221
54.92	-0.00161
54.93	-0.00083
54.94	0.00031
54.95	0.00135
54.96	0.00234
54.97	0.00339
54.98	0.00309
54.99	0.00147
55	0.00101
55.01	0.00015
55.02	-0.00081
55.03	0.00046
55.04	0.00196
55.05	0.00252
55.06	0.00374
55.07	0.0051
55.08	0.00621
55.09	0.00742
55.1	0.00826
55.11	0.00806
55.12	0.00828
55.13	0.00862
55.14	0.0095
55.15	0.01132
55.16	0.01188
55.17	0.01052
55.18	0.01
55.19	0.00939
55.2	0.00772
55.21	0.00659
55.22	0.0058
55.23	0.00491
55.24	0.00395
55.25	0.00249
55.26	0.00044
55.27	-0.00121
55.28	-0.00341
55.29	-0.00546
55.3	-0.00475
55.31	-0.00325
55.32	-0.00326
55.33	-0.0035
55.34	-0.00389
55.35	-0.00407
55.36	-0.00469
55.37	-0.00556
55.38	-0.00615
55.39	-0.00676
55.4	-0.00677
55.41	-0.00673
55.42	-0.00695
55.43	-0.00698
55.44	-0.00647
55.45	-0.00469
55.46	-0.0045
55.47	-0.00552
55.48	-0.00519
55.49	-0.00527
55.5	-0.00604
55.51	-0.00742
55.52	-0.00821
55.53	-0.00678
55.54	-0.00598
55.55	-0.00562
55.56	-0.0039
55.57	-0.00247
55.58	-0.00133
55.59	0.00012
55.6	0.0015
55.61	0.00267
55.62	0.00384
55.63	0.00509
55.64	0.00646
55.65	0.00681
55.66	0.00665
55.67	0.00706
55.68	0.00713
55.69	0.00551
55.7	0.00343
55.71	0.00205
55.72	0.00019
55.73	-0.00125
55.74	-0.00256
55.75	-0.00404
55.76	-0.0049
55.77	-0.00513
55.78	-0.00378
55.79	-0.00296
55.8	-0.00237
55.81	-0.0013
55.82	-0.00032
55.83	0.00111
55.84	0.00269
55.85	0.00376
55.86	0.004
55.87	0.00455
55.88	0.00524
55.89	0.00566
55.9	0.00578
55.91	0.00545
55.92	0.00541
55.93	0.00534
55.94	0.00514
55.95	0.00511
55.96	0.00584
55.97	0.00653
55.98	0.00695
55.99	0.00761
56	0.00817
56.01	0.00786
56.02	0.00748
56.03	0.00745
56.04	0.00683
56.05	0.00278
56.06	0.00008
56.07	0.00576
56.08	0.00557
56.09	0.00041
56.1	0.00282
56.11	0.00293
56.12	0.00021
56.13	0.0002
56.14	0.00019
56.15	-0.00074
56.16	-0.00198
56.17	-0.00179
56.18	-0.00044
56.19	-0.00039
56.2	-0.00065
56.21	-0.00026
56.22	0.00169
56.23	0.00342
56.24	0.00416
56.25	0.00475
56.26	0.00641
56.27	0.00877
56.28	0.01079
56.29	0.01312
56.3	0.01495
56.31	0.01313
56.32	0.00986
56.33	0.00395
56.34	0.00149
56.35	0.00043
56.36	0.00063
56.37	0.00057
56.38	0.00083
56.39	0.00011
56.4	-0.00212
56.41	-0.0028
56.42	-0.00077
56.43	0.00131
56.44	0.00231
56.45	0.00352
56.46	0.00315
56.47	0.00303
56.48	0.00299
56.49	0.00263
56.5	0.00263
56.51	0.00273
56.52	0.00253
56.53	0.00066
56.54	-0.00123
56.55	-0.00005
56.56	-0.00013
56.57	-0.00054
56.58	0.00014
56.59	0.00044
56.6	0.00103
56.61	0.00197
56.62	0.0025
56.63	0.00181
56.64	0.00071
56.65	0.00022
56.66	-0.00158
56.67	-0.00383
56.68	-0.00539
56.69	-0.00731
56.7	-0.00959
56.71	-0.01124
56.72	-0.00891
56.73	-0.00743
56.74	-0.00705
56.75	-0.00566
56.76	-0.00445
56.77	-0.00305
56.78	-0.00081
56.79	-0.00017
56.8	-0.00165
56.81	-0.00182
56.82	-0.00241
56.83	-0.00366
56.84	-0.0044
56.85	-0.0045
56.86	-0.00424
56.87	-0.00379
56.88	-0.00206
56.89	-0.00083
56.9	0.00015
56.91	0.00125
56.92	0.00233
56.93	0.00346
56.94	0.00471
56.95	0.00564
56.96	0.00471
56.97	0.00382
56.98	0.0028
56.99	0.00093
57	-0.00023
57.01	0.00039
57.02	0.00077
57.03	0.00126
57.04	0.00392
57.05	0.00409
57.06	0.00165
57.07	0.00144
57.08	0.00138
57.09	0.00072
57.1	-0.0014
57.11	-0.00384
57.12	-0.00347
57.13	-0.00283
57.14	-0.00327
57.15	-0.00181
57.16	-0.00047
57.17	-0.00073
57.18	-0.0018
57.19	-0.00203
57.2	-0.00256
57.21	-0.00333
57.22	-0.004
57.23	-0.00558
57.24	-0.00715
57.25	-0.00826
57.26	-0.00817
57.27	-0.00754
57.28	-0.00766
57.29	-0.00744
57.3	-0.00737
57.31	-0.0076
57.32	-0.00759
57.33	-0.00765
57.34	-0.00733
57.35	-0.00589
57.36	-0.0049
57.37	-0.00402
57.38	-0.00222
57.39	-0.00032
57.4	0.00117
57.41	0.00196
57.42	0.00188
57.43	0.00252
57.44	0.00295
57.45	0.00306
57.46	0.00322
57.47	0.00343
57.48	0.00309
57.49	-0.00069
57.5	-0.00285
57.51	-0.00359
57.52	-0.00447
57.53	-0.00435
57.54	-0.00453
57.55	-0.00309
57.56	-0.00173
57.57	-0.00145
57.58	-0.00193
57.59	-0.00196
57.6	-0.00237
57.61	-0.00409
57.62	-0.00527
57.63	-0.00614
57.64	-0.00699
57.65	-0.00784
57.66	-0.00851
57.67	-0.00664
57.68	-0.00387
57.69	-0.00383
57.7	-0.0043
57.71	-0.00343
57.72	-0.00324
57.73	-0.00341
57.74	-0.00329
57.75	-0.00321
57.76	-0.0032
57.77	-0.00262
57.78	-0.00172
57.79	-0.00121
57.8	-0.00047
57.81	0.0011
57.82	0.00253
57.83	0.00371
57.84	0.00511
57.85	0.00634
57.86	0.00718
57.87	0.00803
57.88	0.00771
57.89	0.00734
57.9	0.00742
57.91	0.00715
57.92	0.00683
57.93	0.00662
57.94	0.00622
57.95	0.00456
57.96	0.00298
57.97	0.00189
57.98	0.00062
57.99	-0.00065
58	-0.00186
58.01	-0.00312
58.02	-0.00432
58.03	-0.00428
58.04	-0.00349
58.05	-0.00355
58.06	-0.00317
58.07	-0.00175
58.08	-0.00071
58.09	0.00014
58.1	0.00114
58.11	0.00183
58.12	0.00258
58.13	0.00336
58.14	0.00405
58.15	0.00504
58.16	0.0063
58.17	0.00727
58.18	0.0083
58.19	0.00918
58.2	0.0097
58.21	0.01039
58.22	0.01066
58.23	0.0107
58.24	0.01089
58.25	0.00945
58.26	0.00744
58.27	0.00668
58.28	0.00568
58.29	0.00412
58.3	0.00268
58.31	0.00122
58.32	-0.00058
58.33	-0.00247
58.34	-0.00437
58.35	-0.00683
58.36	-0.00824
58.37	-0.00942
58.38	-0.01006
58.39	-0.01001
58.4	-0.01017
58.41	-0.00929
58.42	-0.00861
58.43	-0.00814
58.44	-0.00738
58.45	-0.00663
58.46	-0.00575
58.47	-0.00493
58.48	-0.00451
58.49	-0.00412
58.5	-0.00395
58.51	-0.00402
58.52	-0.00389
58.53	-0.00358
58.54	-0.00309
58.55	-0.00258
58.56	-0.00125
58.57	-0.00014
58.58	0.00061
58.59	0.00162
58.6	0.00182
58.61	0.00092
58.62	0.00089
58.63	0.00159
58.64	0.00194
58.65	0.00207
58.66	0.00231
58.67	0.00126
58.68	0.00021
58.69	-0.00039
58.7	-0.00135
58.71	-0.00215
58.72	-0.00198
58.73	-0.00204
58.74	-0.00232
58.75	-0.00227
58.76	-0.00208
58.77	-0.002
58.78	-0.00203
58.79	-0.00286
58.8	-0.00325
58.81	-0.00281
58.82	-0.00274
58.83	-0.0023
58.84	-0.00188
58.85	-0.00155
58.86	-0.00113
58.87	-0.00075
58.88	-0.00038
58.89	-0.00001
58.9	0.00035
58.91	0.00069
58.92	0.00092
58.93	0.00095
58.94	0.00108
58.95	0.00137
58.96	0.00182
58.97	0.00225
58.98	0.00273
58.99	0.00319
59	0.00328
59.01	0.00293
59.02	0.0029
59.03	0.00282
59.04	0.00262
59.05	0.00242
59.06	0.00216
59.07	0.00195
59.08	0.00173
59.09	0.00138
59.1	0.00098
59.11	0.00119
59.12	0.00168
59.13	0.0018
59.14	0.00223
59.15	0.00272
59.16	0.0031
59.17	0.00399
59.18	0.00476
59.19	0.00409
59.2	0.00381
59.21	0.00368
59.22	0.00295
59.23	0.00253
59.24	0.00241
59.25	0.00224
59.26	0.00242
59.27	0.00293
59.28	0.0031
59.29	0.003
59.3	0.00283
59.31	0.00257
59.32	0.00225
59.33	0.00186
59.34	0.00129
59.35	0.00095
59.36	0.00067
59.37	0.00029
59.38	-0.00015
59.39	-0.00068
59.4	-0.00112
59.41	-0.00113
59.42	-0.00089
59.43	-0.00091
59.44	-0.00077
59.45	-0.0006
59.46	-0.00048
59.47	-0.00033
59.48	-0.00019
59.49	-0.00007
59.5	-0.00003
59.51	-0.00056
59.52	-0.00096
59.53	-0.00118
59.54	-0.00155
59.55	-0.00175
59.56	-0.00192
59.57	-0.00215
59.58	-0.0023
59.59	-0.00235
59.6	-0.00244
59.61	-0.00253
59.62	-0.00256
59.63	-0.00254
59.64	-0.00255
59.65	-0.00236
59.66	-0.00207
59.67	-0.00193
59.68	-0.00186
59.69	-0.00166
59.7	-0.00136
59.71	-0.00119
59.72	-0.00104
59.73	-0.0009
59.74	-0.00077
59.75	-0.00078
59.76	-0.00079
59.77	-0.00075
59.78	-0.00076
59.79	-0.00076
59.8	-0.00068
59.81	-0.0006
59.82	-0.00055
59.83	-0.00056
59.84	-0.00063
59.85	-0.00069
59.86	-0.00084
59.87	-0.00095
59.88	-0.00105
59.89	-0.00102
59.9	-0.00062
59.91	-0.00045
59.92	-0.00036
59.93	-0.00044
59.94	-0.0006
59.95	-0.00064
59.96	-0.0007
59.97	-0.00074
59.98	-0.00066
59.99	-0.00064
60	-0.00061
60.01	-0.00042
60.02	-0.0003
60.03	-0.00025
60.04	-0.00014
60.05	-0.00002
60.06	0.00008
60.07	0.0001
60.08	0.00004
60.09	0.00004
60.1	-0.00001
60.11	-0.0001
60.12	-0.00013
60.13	-0.00008
60.14	-0.00005
60.15	-0.00001
60.16	0.00008
60.17	-0.00004
60.18	-0.00023
60.19	-0.00018
60.2	-0.00012
60.21	-0.00016
60.22	-0.0002
60.23	-0.00026
60.24	-0.00029
60.25	-0.00032
60.26	-0.00035
60.27	-0.00036
60.28	-0.00034
60.29	-0.00026
60.3	-0.00014
60.31	-0.00021
60.32	-0.00032
60.33	-0.00038
60.34	-0.00042
60.35	-0.00043
60.36	-0.00044
60.37	-0.00037
60.38	-0.00029
60.39	-0.00038
60.4	-0.00045
60.41	-0.0004
60.42	-0.00041
60.43	-0.00043
60.44	-0.00041
60.45	-0.00035
60.46	-0.00031
60.47	-0.00027
60.48	-0.00022
60.49	-0.00019
60.5	-0.00017
60.51	-0.00014
60.52	-0.00011
60.53	-0.00009
60.54	-0.00007
60.55	-0.00006
60.56	-0.0001
60.57	-0.00009
60.58	-0.00006
60.59	-0.00008
60.6	-0.00009
60.61	-0.0001
60.62	-0.00014
60.63	-0.00016
60.64	-0.00018
60.65	-0.00019
60.66	-0.00019
60.67	-0.00019
60.68	-0.0002
60.69	-0.0002
60.7	-0.00018
60.71	-0.00016
60.72	-0.00014
60.73	-0.00011
60.74	-0.00008
60.75	-0.00007
60.76	-0.00006
60.77	-0.00007
60.78	-0.00007
60.79	-0.00008
60.8	-0.00011
60.81	-0.0001
60.82	-0.00009
60.83	-0.00009
60.84	-0.00008
60.85	-0.00006
60.86	-0.00004
60.87	-0.00003
60.88	-0.00002
60.89	-0.00001
60.9	-0.00001
60.91	-0.00001
60.92	0
60.93	0
60.94	0.00001
60.95	0.00001
60.96	0.00002
60.97	0.00003
60.98	0.00004
60.99	0.00005
61	0.00006
61.01	0.00007
61.02	0.00007
61.03	0.00008
61.04	0.00008
61.05	0.00008
61.06	0.00008
61.07	0.00008
61.08	0.00009
61.09	0.00009
61.1	0.0001
61.11	0.0001
61.12	0.00011
61.13	0.00011
61.14	0.00012
61.15	0.00012
61.16	0.00013
61.17	0.00013
61.18	0.00014
61.19	0.00014
61.2	0.00015
61.21	0.00015
61.22	0.00016
61.23	0.00016
61.24	0.00016
61.25	0.00017
61.26	0.00017
61.27	0.00018
61.28	0.00018
61.29	0.00019
61.3	0.00019
61.31	0.0002
61.32	0.0002
61.33	0.00021
61.34	0.00021
61.35	0.00022
61.36	0.00022
61.37	0.00023
61.38	0.00023
61.39	0.00023
61.4	0.00024
61.41	0.00024
61.42	0.00025
61.43	0.00025
61.44	0.00026
61.45	0.00026
61.46	0.00027
61.47	0.00027
61.48	0.00028
61.49	0.00028
61.5	0.00028
61.51	0.00029
61.52	0.00029
61.53	0.0003
61.54	0.0003
61.55	0.00031
61.56	0.00031
61.57	0.00032
61.58	0.00032
61.59	0.00033
61.6	0.00033
61.61	0.00033
61.62	0.00034
61.63	0.00034
61.64	0.00035
61.65	0.00035
61.66	0.00036
61.67	0.00036
61.68	0.00037
61.69	0.00037
61.7	0.00038
61.71	0.00038
61.72	0.00039
61.73	0.00039
61.74	0.0004
61.75	0.0004
61.76	0.00041
61.77	0.00041
61.78	0.00042
61.79	0.00042
