0	0
0.01	-0.00053
0.02	-0.00046
0.03	-0.00053
0.04	-0.00046
0.05	-0.00052
0.06	-0.00045
0.07	-0.00051
0.08	-0.00044
0.09	-0.0005
0.1	-0.00042
0.11	-0.00041
0.12	-0.00038
0.13	-0.00048
0.14	-0.00038
0.15	-0.00044
0.16	-0.00036
0.17	-0.00043
0.18	-0.00033
0.19	-0.0004
0.2	-0.00033
0.21	-0.00037
0.22	-0.00004
0.23	-0.00025
0.24	-0.00031
0.25	-0.00029
0.26	-0.00024
0.27	-0.00026
0.28	-0.00021
0.29	-0.00028
0.3	-0.00017
0.31	0.00021
0.32	0.00002
0.33	-0.00027
0.34	-0.00006
0.35	-0.00016
0.36	-0.00012
0.37	-0.00012
0.38	0.00055
0.39	0.00006
0.4	-0.00016
0.41	0.00061
0.42	0.00088
0.43	0.0001
0.44	-0.00006
0.45	0.00005
0.46	0.00005
0.47	-0.00005
0.48	0.00008
0.49	0.00079
0.5	0.00038
0.51	-0.0001
0.52	0.00019
0.53	0.00005
0.54	0.00009
0.55	0.00007
0.56	0.00099
0.57	0.00039
0.58	0.00002
0.59	0.00015
0.6	0.00015
0.61	0.00012
0.62	0.00014
0.63	0.00012
0.64	0.00015
0.65	0.00011
0.66	0.00016
0.67	0.00013
0.68	0.0001
0.69	0.00007
0.7	0.00098
0.71	0.00126
0.72	0.00106
0.73	0.00123
0.74	0.00196
0.75	0.00147
0.76	0.00178
0.77	0.00307
0.78	0.00331
0.79	0.00502
0.8	0.00371
0.81	0.00294
0.82	0.00509
0.83	0.00552
0.84	0.00364
0.85	0.00466
0.86	0.00413
0.87	0.00399
0.88	0.00207
0.89	-0.00016
0.9	0.00117
0.91	0.00213
0.92	0.00071
0.93	-0.00018
0.94	0.00031
0.95	0.00005
0.96	0.00023
0.97	0.00019
0.98	-0.00012
0.99	-0.00013
1	0.00424
1.01	0.00787
1.02	0.00845
1.03	0.0167
1.04	0.01806
1.05	0.01525
1.06	0.01168
1.07	0.01237
1.08	0.02045
1.09	0.0207
1.1	0.01971
1.11	0.02027
1.12	0.02085
1.13	0.01832
1.14	0.01482
1.15	0.02684
1.16	0.023
1.17	0.00218
1.18	-0.00964
1.19	-0.01391
1.2	-0.00782
1.21	-0.00891
1.22	-0.01565
1.23	-0.01547
1.24	-0.01072
1.25	-0.02655
1.26	-0.04527
1.27	-0.0403
1.28	-0.03364
1.29	-0.03955
1.3	-0.0178
1.31	-0.02375
1.32	-0.04086
1.33	-0.05654
1.34	-0.03335
1.35	0.00355
1.36	0.02616
1.37	0.02072
1.38	0.01628
1.39	0.02533
1.4	0.01715
1.41	-0.01126
1.42	-0.03029
1.43	-0.01924
1.44	-0.01041
1.45	0.00707
1.46	0.03097
1.47	0.02842
1.48	0.00558
1.49	0.01204
1.5	0.02081
1.51	0.04895
1.52	0.05079
1.53	0.02973
1.54	0.05633
1.55	0.06007
1.56	0.03118
1.57	-0.00639
1.58	-0.01546
1.59	-0.01898
1.6	-0.02554
1.61	-0.02698
1.62	0.00795
1.63	0.04083
1.64	0.00715
1.65	-0.0187
1.66	-0.00956
1.67	0.01688
1.68	0.00391
1.69	-0.01376
1.7	0.00218
1.71	-0.01337
1.72	-0.06246
1.73	-0.06
1.74	-0.01688
1.75	-0.00497
1.76	-0.03227
1.77	-0.00621
1.78	0.00045
1.79	-0.01084
1.8	-0.00276
1.81	0.02709
1.82	0.05045
1.83	0.05293
1.84	0.04946
1.85	0.05004
1.86	0.0203
1.87	0.01444
1.88	0.02618
1.89	0.04158
1.9	0.05354
1.91	0.0463
1.92	0.04501
1.93	0.03134
1.94	0.0066
1.95	-0.01622
1.96	-0.00925
1.97	0.00995
1.98	-0.01484
1.99	-0.04651
2	-0.02395
2.01	-0.00593
2.02	0.01446
2.03	0.02997
2.04	0.01197
2.05	-0.01116
2.06	0.00216
2.07	-0.00812
2.08	-0.02128
2.09	-0.00217
2.1	-0.00762
2.11	-0.03244
2.12	-0.02547
2.13	0.00322
2.14	0.01255
2.15	-0.01909
2.16	-0.04279
2.17	-0.02627
2.18	0.00178
2.19	0.00332
2.2	0.00698
2.21	0.01695
2.22	-0.02626
2.23	-0.07557
2.24	-0.04766
2.25	-0.00202
2.26	0.00462
2.27	-0.00798
2.28	-0.01369
2.29	-0.01432
2.3	-0.01877
2.31	-0.02367
2.32	-0.03503
2.33	-0.03184
2.34	-0.01916
2.35	-0.00254
2.36	0.014
2.37	-0.00722
2.38	-0.0267
2.39	-0.0195
2.4	-0.00867
2.41	0.00717
2.42	0.03445
2.43	0.05394
2.44	0.05246
2.45	0.04643
2.46	0.04582
2.47	0.00898
2.48	-0.00535
2.49	0.02115
2.5	0.01948
2.51	-0.01865
2.52	-0.05711
2.53	-0.05482
2.54	-0.06433
2.55	-0.06955
2.56	-0.02644
2.57	0.00672
2.58	-0.00238
2.59	-0.00167
2.6	0.01126
2.61	0.01868
2.62	0.00057
2.63	-0.01534
2.64	-0.00205
2.65	0.00214
2.66	-0.01051
2.67	-0.01405
2.68	-0.01939
2.69	-0.01716
2.7	0.0153
2.71	0.04984
2.72	0.03696
2.73	0.01419
2.74	0.01827
2.75	0.00129
2.76	-0.01219
2.77	-0.02164
2.78	-0.0505
2.79	-0.05066
2.8	-0.02267
2.81	0.01216
2.82	0.02416
2.83	0.00613
2.84	-0.02752
2.85	-0.04546
2.86	-0.05066
2.87	-0.03521
2.88	-0.01346
2.89	0.00188
2.9	-0.00373
2.91	0.00727
2.92	0.02003
2.93	-0.00876
2.94	-0.01207
2.95	0.01212
2.96	0.00718
2.97	-0.03005
2.98	-0.02665
2.99	0.00256
3	0.02614
3.01	0.01717
3.02	0.02295
3.03	0.0286
3.04	0.00265
3.05	0.00763
3.06	0.04314
3.07	0.06224
3.08	0.05112
3.09	0.0506
3.1	0.04312
3.11	0.02237
3.12	0.01114
3.13	0.00076
3.14	-0.02599
3.15	-0.06245
3.16	-0.06834
3.17	-0.03756
3.18	-0.03632
3.19	-0.06267
3.2	-0.05735
3.21	-0.03663
3.22	-0.02463
3.23	-0.00817
3.24	0.04432
3.25	0.06428
3.26	0.03061
3.27	-0.00495
3.28	-0.03184
3.29	-0.02909
3.3	0.00034
3.31	0.0061
3.32	0.02889
3.33	0.06306
3.34	0.07379
3.35	0.05197
3.36	0.04697
3.37	0.04168
3.38	0.01548
3.39	0.00368
3.4	0.00222
3.41	0.00036
3.42	0.00598
3.43	0.0004
3.44	-0.01305
3.45	0.00374
3.46	0.00722
3.47	-0.01159
3.48	-0.00992
3.49	-0.00174
3.5	0.00942
3.51	0.00109
3.52	-0.02189
3.53	-0.02289
3.54	-0.02759
3.55	-0.05525
3.56	-0.04338
3.57	-0.02277
3.58	0.00169
3.59	-0.00349
3.6	-0.0055
3.61	-0.02591
3.62	-0.03435
3.63	-0.03011
3.64	-0.03481
3.65	-0.04293
3.66	-0.04499
3.67	-0.05029
3.68	-0.02282
3.69	0.01028
3.7	0.0127
3.71	0.00156
3.72	0.02646
3.73	0.08871
3.74	0.10631
3.75	0.07044
3.76	0.03502
3.77	0.00819
3.78	-0.02048
3.79	-0.02326
3.8	0.01531
3.81	0.04188
3.82	0.04799
3.83	0.03298
3.84	0.02991
3.85	0.03456
3.86	0.04228
3.87	0.05682
3.88	0.05771
3.89	0.01404
3.9	-0.01225
3.91	-0.01902
3.92	-0.02701
3.93	-0.07002
3.94	-0.07722
3.95	-0.04587
3.96	0.00558
3.97	0.02316
3.98	0.0081
3.99	-0.01487
4	-0.06512
4.01	-0.10047
4.02	-0.07124
4.03	0.00501
4.04	0.05305
4.05	0.05858
4.06	0.02946
4.07	-0.03392
4.08	-0.0604
4.09	-0.07133
4.1	-0.07739
4.11	-0.07195
4.12	-0.03214
4.13	0.00368
4.14	0.02834
4.15	0.0352
4.16	0.06582
4.17	0.09632
4.18	0.08416
4.19	0.06877
4.2	0.04681
4.21	0.01008
4.22	0.00502
4.23	0.00547
4.24	0.02188
4.25	0.00626
4.26	-0.01521
4.27	0.01149
4.28	0.04563
4.29	0.01208
4.3	-0.00578
4.31	0.02554
4.32	0.03457
4.33	0.00487
4.34	0.02738
4.35	0.0399
4.36	0.00553
4.37	-0.01659
4.38	0.00476
4.39	0.01968
4.4	0.00136
4.41	-0.02611
4.42	-0.007
4.43	0.00997
4.44	0.0093
4.45	-0.00371
4.46	-0.04476
4.47	-0.0837
4.48	-0.07283
4.49	-0.04778
4.5	-0.03059
4.51	0.00621
4.52	0.06549
4.53	0.09213
4.54	0.09603
4.55	0.08869
4.56	0.07513
4.57	0.05777
4.58	-0.00572
4.59	-0.0374
4.6	-0.02918
4.61	-0.04542
4.62	-0.07005
4.63	-0.0395
4.64	0.01118
4.65	0.06237
4.66	0.05341
4.67	0.00854
4.68	-0.03556
4.69	-0.03836
4.7	0.0204
4.71	0.06491
4.72	0.05024
4.73	0.00148
4.74	-0.06359
4.75	-0.12149
4.76	-0.16659
4.77	-0.16424
4.78	-0.14094
4.79	-0.08463
4.8	-0.04399
4.81	-0.02633
4.82	-0.02329
4.83	-0.03531
4.84	-0.03831
4.85	-0.04122
4.86	-0.08472
4.87	-0.14601
4.88	-0.18193
4.89	-0.16076
4.9	-0.06801
4.91	0.02815
4.92	0.07052
4.93	0.07056
4.94	0.02099
4.95	-0.03351
4.96	-0.03123
4.97	-0.00681
4.98	0.02538
4.99	0.05149
5	0.07219
5.01	0.05928
5.02	0.04003
5.03	0.06277
5.04	0.05907
5.05	0.03914
5.06	0.03147
5.07	0.02567
5.08	0.01895
5.09	0.00577
5.1	-0.00897
5.11	0.01123
5.12	0.03718
5.13	0.04098
5.14	0.03105
5.15	0.02283
5.16	0.03839
5.17	0.03986
5.18	0.00762
5.19	-0.009
5.2	0.00081
5.21	0.02132
5.22	0.0495
5.23	0.0549
5.24	0.014
5.25	-0.05036
5.26	-0.08136
5.27	-0.07803
5.28	-0.04048
5.29	0.02723
5.3	0.10886
5.31	0.13599
5.32	0.10506
5.33	0.06493
5.34	0.02201
5.35	-0.00708
5.36	-0.01687
5.37	-0.0049
5.38	-0.00296
5.39	-0.03253
5.4	-0.03993
5.41	-0.0935
5.42	-0.17923
5.43	-0.23397
5.44	-0.24475
5.45	-0.19037
5.46	-0.10292
5.47	-0.0143
5.48	0.01388
5.49	-0.02715
5.5	-0.11079
5.51	-0.15831
5.52	-0.14101
5.53	-0.10295
5.54	-0.05863
5.55	0.01231
5.56	0.09409
5.57	0.12959
5.58	0.11083
5.59	0.07669
5.6	0.06443
5.61	0.03255
5.62	-0.01431
5.63	-0.05624
5.64	-0.06521
5.65	-0.03848
5.66	0.01594
5.67	0.06312
5.68	0.04273
5.69	-0.01981
5.7	-0.07194
5.71	-0.08318
5.72	-0.0457
5.73	0.05411
5.74	0.12673
5.75	0.10998
5.76	0.05426
5.77	0.02938
5.78	0.03239
5.79	0.05447
5.8	0.08473
5.81	0.13166
5.82	0.17069
5.83	0.2039
5.84	0.20964
5.85	0.18891
5.86	0.17099
5.87	0.18179
5.88	0.17198
5.89	0.11892
5.9	0.06727
5.91	0.03449
5.92	-0.00853
5.93	-0.0356
5.94	-0.00117
5.95	0.01903
5.96	-0.00983
5.97	-0.03469
5.98	-0.04107
5.99	-0.03983
6	-0.06352
6.01	-0.09418
6.02	-0.0964
6.03	-0.06489
6.04	-0.05355
6.05	-0.10336
6.06	-0.15383
6.07	-0.15198
6.08	-0.13158
6.09	-0.10119
6.1	-0.0498
6.11	-0.00869
6.12	0.00365
6.13	-0.02984
6.14	-0.05977
6.15	-0.08456
6.16	-0.06819
6.17	-0.00133
6.18	0.05188
6.19	0.03806
6.2	0.06858
6.21	0.09298
6.22	0.02968
6.23	-0.03408
6.24	-0.06325
6.25	-0.0528
6.26	-0.01007
6.27	0.02918
6.28	0.0389
6.29	0.02435
6.3	-0.0014
6.31	-0.004
6.32	-0.02995
6.33	-0.07106
6.34	-0.08596
6.35	-0.07573
6.36	-0.03224
6.37	0.06447
6.38	0.17381
6.39	0.21617
6.4	0.19517
6.41	0.1549
6.42	0.12185
6.43	0.11882
6.44	0.11968
6.45	0.16466
6.46	0.25446
6.47	0.29858
6.48	0.2845
6.49	0.22633
6.5	0.17504
6.51	0.11924
6.52	0.09857
6.53	0.11246
6.54	0.0964
6.55	0.08777
6.56	0.09171
6.57	0.05217
6.58	-0.03577
6.59	-0.09409
6.6	-0.11112
6.61	-0.13511
6.62	-0.18683
6.63	-0.20322
6.64	-0.19047
6.65	-0.18381
6.66	-0.1896
6.67	-0.20954
6.68	-0.24625
6.69	-0.26986
6.7	-0.27125
6.71	-0.24338
6.72	-0.21714
6.73	-0.20704
6.74	-0.2116
6.75	-0.24657
6.76	-0.27348
6.77	-0.28436
6.78	-0.27975
6.79	-0.23958
6.8	-0.16515
6.81	-0.0814
6.82	0.01013
6.83	0.0879
6.84	0.12197
6.85	0.14923
6.86	0.17735
6.87	0.18735
6.88	0.16678
6.89	0.1578
6.9	0.18114
6.91	0.23547
6.92	0.29124
6.93	0.3001
6.94	0.23514
6.95	0.16719
6.96	0.11421
6.97	0.07421
6.98	0.07506
6.99	0.09004
7	0.08421
7.01	0.02911
7.02	-0.02097
7.03	0.0109
7.04	0.07292
7.05	0.14523
7.06	0.16602
7.07	0.0969
7.08	-0.02175
7.09	-0.08902
7.1	-0.11896
7.11	-0.16219
7.12	-0.19106
7.13	-0.13266
7.14	-0.03688
7.15	0.03831
7.16	0.06713
7.17	0.04449
7.18	0.02062
7.19	-0.00244
7.2	-0.03802
7.21	-0.052
7.22	-0.06891
7.23	-0.10349
7.24	-0.13292
7.25	-0.15189
7.26	-0.15188
7.27	-0.15162
7.28	-0.13914
7.29	-0.09607
7.3	-0.07029
7.31	-0.09714
7.32	-0.12965
7.33	-0.13116
7.34	-0.09464
7.35	-0.02324
7.36	0.06896
7.37	0.14049
7.38	0.18142
7.39	0.1897
7.4	0.16161
7.41	0.08994
7.42	0.03667
7.43	0.03624
7.44	0.06753
7.45	0.10448
7.46	0.13946
7.47	0.16715
7.48	0.16584
7.49	0.15768
7.5	0.14101
7.51	0.09494
7.52	0.0416
7.53	0.02765
7.54	0.03946
7.55	0.0555
7.56	0.06505
7.57	0.0214
7.58	-0.06311
7.59	-0.16946
7.6	-0.24762
7.61	-0.28297
7.62	-0.2414
7.63	-0.15866
7.64	-0.0887
7.65	-0.02491
7.66	0.03262
7.67	0.07505
7.68	0.09003
7.69	0.08269
7.7	0.0583
7.71	0.02751
7.72	0.01521
7.73	0.04132
7.74	0.13028
7.75	0.18979
7.76	0.17428
7.77	0.11155
7.78	0.01581
7.79	-0.07377
7.8	-0.10527
7.81	-0.06755
7.82	0.0306
7.83	0.08525
7.84	0.08936
7.85	0.06018
7.86	-0.01301
7.87	-0.10478
7.88	-0.19304
7.89	-0.25784
7.9	-0.28424
7.91	-0.30304
7.92	-0.26409
7.93	-0.17768
7.94	-0.12022
7.95	-0.0846
7.96	-0.05635
7.97	-0.02457
7.98	0.00152
7.99	0.0303
8	0.05647
8.01	0.05448
8.02	0.01568
8.03	-0.01263
8.04	-0.00855
8.05	0.03147
8.06	0.07594
8.07	0.13679
8.08	0.18883
8.09	0.20944
8.1	0.20962
8.11	0.15209
8.12	0.07596
8.13	0.03703
8.14	0.04005
8.15	0.06863
8.16	0.13601
8.17	0.19432
8.18	0.18941
8.19	0.14356
8.2	0.0764
8.21	0.02178
8.22	-0.0171
8.23	-0.00371
8.24	0.04609
8.25	0.09349
8.26	0.06906
8.27	-0.02344
8.28	-0.13461
8.29	-0.20255
8.3	-0.2123
8.31	-0.18934
8.32	-0.15902
8.33	-0.13616
8.34	-0.13151
8.35	-0.1126
8.36	-0.09295
8.37	-0.07373
8.38	-0.06809
8.39	-0.10525
8.4	-0.1361
8.41	-0.12132
8.42	-0.07574
8.43	-0.02161
8.44	0.03943
8.45	0.05994
8.46	0.07279
8.47	0.09063
8.48	0.08053
8.49	0.08217
8.5	0.12496
8.51	0.16747
8.52	0.19913
8.53	0.23564
8.54	0.22413
8.55	0.15418
8.56	0.0671
8.57	0.02282
8.58	-0.01086
8.59	-0.03893
8.6	-0.05865
8.61	-0.07351
8.62	-0.08721
8.63	-0.07762
8.64	-0.06154
8.65	-0.07309
8.66	-0.09511
8.67	-0.10737
8.68	-0.08863
8.69	-0.05535
8.7	-0.02511
8.71	-0.02336
8.72	0.00698
8.73	0.06461
8.74	0.11488
8.75	0.1399
8.76	0.13322
8.77	0.10022
8.78	0.04449
8.79	0.00816
8.8	0.01312
8.81	0.02534
8.82	-0.01061
8.83	-0.07838
8.84	-0.11129
8.85	-0.08015
8.86	-0.00163
8.87	0.08278
8.88	0.1255
8.89	0.142
8.9	0.09813
8.91	-0.0036
8.92	-0.06688
8.93	-0.07361
8.94	-0.05218
8.95	-0.01282
8.96	0.03515
8.97	0.06765
8.98	0.05653
8.99	0.03431
9	0.0321
9.01	0.04439
9.02	0.05201
9.03	0.06875
9.04	0.09448
9.05	0.10615
9.06	0.09358
9.07	0.06894
9.08	0.04227
9.09	0.00343
9.1	-0.04865
9.11	-0.12517
9.12	-0.17688
9.13	-0.20919
9.14	-0.20187
9.15	-0.14854
9.16	-0.09823
9.17	-0.05333
9.18	-0.02521
9.19	-0.00072
9.2	0.01388
9.21	0.01202
9.22	0.00958
9.23	0.02532
9.24	0.04274
9.25	0.07824
9.26	0.12249
9.27	0.14553
9.28	0.13725
9.29	0.13952
9.3	0.1456
9.31	0.12046
9.32	0.06406
9.33	-0.00107
9.34	-0.07083
9.35	-0.12849
9.36	-0.14492
9.37	-0.12477
9.38	-0.06302
9.39	-0.03613
9.4	-0.06291
9.41	-0.13498
9.42	-0.2016
9.43	-0.22851
9.44	-0.19528
9.45	-0.10303
9.46	0.00841
9.47	0.03966
9.48	-0.00142
9.49	-0.04874
9.5	-0.07848
9.51	-0.06983
9.52	-0.04894
9.53	0.00388
9.54	0.05296
9.55	0.10936
9.56	0.15582
9.57	0.17517
9.58	0.17821
9.59	0.17529
9.6	0.17562
9.61	0.15765
9.62	0.1519
9.63	0.12629
9.64	0.07994
9.65	0.02638
9.66	-0.02186
9.67	-0.00597
9.68	0.06132
9.69	0.13895
9.7	0.19271
9.71	0.1987
9.72	0.15695
9.73	0.08368
9.74	0.0187
9.75	-0.0189
9.76	-0.01931
9.77	-0.00628
9.78	-0.02086
9.79	-0.05579
9.8	-0.10337
9.81	-0.17523
9.82	-0.23795
9.83	-0.27347
9.84	-0.27853
9.85	-0.28732
9.86	-0.2356
9.87	-0.1334
9.88	-0.05974
9.89	-0.0341
9.9	-0.02861
9.91	-0.0589
9.92	-0.0909
9.93	-0.08063
9.94	-0.03748
9.95	0.04289
9.96	0.10357
9.97	0.09934
9.98	0.09046
9.99	0.0922
10	0.05518
10.01	0.00354
10.02	-0.03436
10.03	-0.04416
10.04	-0.05059
10.05	-0.05081
10.06	-0.02247
10.07	0.03143
10.08	0.05953
10.09	0.04832
10.1	0.01872
10.11	-0.00024
10.12	-0.01673
10.13	-0.04464
10.14	-0.1012
10.15	-0.16871
10.16	-0.20354
10.17	-0.177
10.18	-0.09525
10.19	0.01735
10.2	0.10485
10.21	0.15072
10.22	0.14546
10.23	0.1077
10.24	0.07193
10.25	0.05094
10.26	0.02209
10.27	-0.03595
10.28	-0.1071
10.29	-0.13463
10.3	-0.14235
10.31	-0.12853
10.32	-0.08696
10.33	-0.06547
10.34	-0.09171
10.35	-0.15801
10.36	-0.18331
10.37	-0.17034
10.38	-0.1368
10.39	-0.08193
10.4	-0.01086
10.41	0.02535
10.42	0.05529
10.43	0.10855
10.44	0.15916
10.45	0.14247
10.46	0.06568
10.47	-0.01778
10.48	-0.055
10.49	-0.04582
10.5	-0.00693
10.51	0.07109
10.52	0.11176
10.53	0.08077
10.54	0.01687
10.55	-0.01868
10.56	-0.00086
10.57	0.02129
10.58	0.01506
10.59	0.00614
10.6	-0.02781
10.61	-0.0783
10.62	-0.13484
10.63	-0.15413
10.64	-0.11933
10.65	-0.08748
10.66	-0.08254
10.67	-0.0729
10.68	-0.08113
10.69	-0.12974
10.7	-0.17353
10.71	-0.16208
10.72	-0.09532
10.73	-0.02624
10.74	0.00958
10.75	0.04168
10.76	0.04779
10.77	0.00515
10.78	-0.0402
10.79	-0.07938
10.8	-0.07455
10.81	-0.04305
10.82	-0.03842
10.83	-0.04767
10.84	-0.02525
10.85	-0.0209
10.86	-0.02387
10.87	-0.00768
10.88	0.0185
10.89	0.02037
10.9	0.01488
10.91	0.04568
10.92	0.09478
10.93	0.12271
10.94	0.12242
10.95	0.13512
10.96	0.13705
10.97	0.10908
10.98	0.07309
10.99	0.06085
11	0.05672
11.01	0.06508
11.02	0.09488
11.03	0.12275
11.04	0.13369
11.05	0.15526
11.06	0.15814
11.07	0.16649
11.08	0.18122
11.09	0.19245
11.1	0.19611
11.11	0.19635
11.12	0.18182
11.13	0.12839
11.14	0.04847
11.15	-0.03927
11.16	-0.12409
11.17	-0.18648
11.18	-0.2274
11.19	-0.22996
11.2	-0.19391
11.21	-0.15014
11.22	-0.11957
11.23	-0.12198
11.24	-0.13476
11.25	-0.14467
11.26	-0.15797
11.27	-0.14457
11.28	-0.09542
11.29	-0.02479
11.3	0.01193
11.31	-0.01017
11.32	-0.0545
11.33	-0.0905
11.34	-0.10309
11.35	-0.05203
11.36	0.0469
11.37	0.1404
11.38	0.1619
11.39	0.11346
11.4	0.04661
11.41	-0.01531
11.42	0.00092
11.43	0.06344
11.44	0.11857
11.45	0.15839
11.46	0.17093
11.47	0.1282
11.48	0.05209
11.49	-0.01191
11.5	-0.08359
11.51	-0.17887
11.52	-0.25035
11.53	-0.24858
11.54	-0.15714
11.55	0.00955
11.56	0.17144
11.57	0.25496
11.58	0.27303
11.59	0.25457
11.6	0.20746
11.61	0.14748
11.62	0.07936
11.63	0.01801
11.64	-0.04073
11.65	-0.0637
11.66	-0.0479
11.67	0.02622
11.68	0.09318
11.69	0.08763
11.7	0.04716
11.71	0.01112
11.72	-0.05315
11.73	-0.10863
11.74	-0.05395
11.75	0.05186
11.76	0.07018
11.77	-0.01238
11.78	-0.10026
11.79	-0.15276
11.8	-0.13913
11.81	-0.07401
11.82	0.00643
11.83	0.06009
11.84	0.07799
11.85	0.07324
11.86	0.03427
11.87	-0.00278
11.88	0.00753
11.89	0.03749
11.9	0.03743
11.91	-0.00831
11.92	-0.0337
11.93	-0.06387
11.94	-0.08146
11.95	-0.07277
11.96	-0.06602
11.97	-0.07784
11.98	-0.07867
11.99	-0.07074
12	-0.09335
12.01	-0.16252
12.02	-0.25524
12.03	-0.3243
12.04	-0.33452
12.05	-0.28406
12.06	-0.19
12.07	-0.07698
12.08	0.00014
12.09	0.04713
12.1	0.09672
12.11	0.13763
12.12	0.15731
12.13	0.16865
12.14	0.16039
12.15	0.1235
12.16	0.07915
12.17	0.07337
12.18	0.08744
12.19	0.11791
12.2	0.17798
12.21	0.19794
12.22	0.16858
12.23	0.14887
12.24	0.15092
12.25	0.16024
12.26	0.18558
12.27	0.24234
12.28	0.31894
12.29	0.33739
12.3	0.28735
12.31	0.20945
12.32	0.14978
12.33	0.10698
12.34	0.07286
12.35	0.0611
12.36	0.08068
12.37	0.10754
12.38	0.07018
12.39	-0.01534
12.4	-0.06858
12.41	-0.08808
12.42	-0.10892
12.43	-0.10878
12.44	-0.05541
12.45	-0.03248
12.46	-0.09675
12.47	-0.17513
12.48	-0.19885
12.49	-0.15501
12.5	-0.10831
12.51	-0.06728
12.52	-0.03271
12.53	-0.02162
12.54	-0.05047
12.55	-0.06174
12.56	-0.07696
12.57	-0.09242
12.58	-0.10606
12.59	-0.13338
12.6	-0.18243
12.61	-0.22177
12.62	-0.20248
12.63	-0.14998
12.64	-0.09818
12.65	-0.05495
12.66	-0.02984
12.67	-0.00618
12.68	0.03555
12.69	0.04542
12.7	0.02439
12.71	0.029
12.72	0.07186
12.73	0.09929
12.74	0.1214
12.75	0.12806
12.76	0.09709
12.77	0.01883
12.78	-0.04905
12.79	-0.05519
12.8	0.02187
12.81	0.12035
12.82	0.17648
12.83	0.16708
12.84	0.10394
12.85	-0.02062
12.86	-0.15422
12.87	-0.22996
12.88	-0.2258
12.89	-0.12516
12.9	-0.00379
12.91	0.07026
12.92	0.09909
12.93	0.07727
12.94	0.03624
12.95	0.02197
12.96	0.03947
12.97	0.08317
12.98	0.12971
12.99	0.16685
13	0.17979
13.01	0.1637
13.02	0.16129
13.03	0.15241
13.04	0.14488
13.05	0.14637
13.06	0.14466
13.07	0.13953
13.08	0.12042
13.09	0.07757
13.1	0.05618
13.11	0.04261
13.12	0.02072
13.13	-0.02414
13.14	-0.07248
13.15	-0.12068
13.16	-0.125
13.17	-0.09274
13.18	-0.04644
13.19	0.00783
13.2	0.02492
13.21	-0.01637
13.22	-0.09507
13.23	-0.18415
13.24	-0.26501
13.25	-0.29992
13.26	-0.29748
13.27	-0.30084
13.28	-0.32165
13.29	-0.32325
13.3	-0.29243
13.31	-0.25545
13.32	-0.17583
13.33	-0.07335
13.34	0.03541
13.35	0.12328
13.36	0.14297
13.37	0.11533
13.38	0.07411
13.39	0.01373
13.4	-0.03067
13.41	-0.01073
13.42	0.02255
13.43	0.07819
13.44	0.13922
13.45	0.16379
13.46	0.14725
13.47	0.13613
13.48	0.14041
13.49	0.14711
13.5	0.1484
13.51	0.1499
13.52	0.10721
13.53	0.03412
13.54	-0.03061
13.55	-0.08602
13.56	-0.10661
13.57	-0.084
13.58	-0.05392
13.59	-0.01523
13.6	0.02904
13.61	0.05877
13.62	0.0856
13.63	0.12159
13.64	0.15261
13.65	0.16735
13.66	0.18646
13.67	0.21516
13.68	0.21591
13.69	0.20389
13.7	0.14886
13.71	0.07832
13.72	0.01631
13.73	0.01292
13.74	0.03608
13.75	0.04554
13.76	0.03701
13.77	-0.01754
13.78	-0.11406
13.79	-0.19868
13.8	-0.23799
13.81	-0.21789
13.82	-0.13463
13.83	-0.06341
13.84	-0.05034
13.85	-0.06661
13.86	-0.12482
13.87	-0.18586
13.88	-0.19681
13.89	-0.15736
13.9	-0.0976
13.91	-0.08304
13.92	-0.09375
13.93	-0.08106
13.94	-0.05499
13.95	-0.01352
13.96	0.06149
13.97	0.13245
13.98	0.18705
13.99	0.19711
14	0.18008
14.01	0.14847
14.02	0.11205
14.03	0.07766
14.04	0.05599
14.05	0.04537
14.06	0.04065
14.07	0.03251
14.08	0.02337
14.09	0.01265
14.1	0.02096
14.11	0.03241
14.12	0.01743
14.13	-0.00823
14.14	-0.02734
14.15	-0.03306
14.16	-0.06503
14.17	-0.09997
14.18	-0.07602
14.19	0.00014
14.2	0.07406
14.21	0.11341
14.22	0.09169
14.23	0.02534
14.24	-0.07573
14.25	-0.16229
14.26	-0.20467
14.27	-0.19529
14.28	-0.15801
14.29	-0.1086
14.3	-0.03515
14.31	0.01829
14.32	0.02476
14.33	0.01151
14.34	-0.0072
14.35	-0.00724
14.36	0.0018
14.37	0.00628
14.38	-0.00064
14.39	-0.05857
14.4	-0.13391
14.41	-0.16886
14.42	-0.16409
14.43	-0.11531
14.44	-0.06437
14.45	-0.00428
14.46	0.03872
14.47	0.04225
14.48	0.03042
14.49	0.03312
14.5	0.03705
14.51	0.04443
14.52	0.05466
14.53	0.03996
14.54	0.01044
14.55	-0.02122
14.56	-0.0559
14.57	-0.09211
14.58	-0.12581
14.59	-0.13276
14.6	-0.1482
14.61	-0.16305
14.62	-0.14831
14.63	-0.103
14.64	-0.02826
14.65	0.03319
14.66	0.07018
14.67	0.07604
14.68	0.08229
14.69	0.0895
14.7	0.07586
14.71	0.07079
14.72	0.07873
14.73	0.06819
14.74	0.03158
14.75	-0.0002
14.76	-0.02999
14.77	-0.03237
14.78	-0.03742
14.79	-0.01087
14.8	0.02931
14.81	0.08054
14.82	0.12849
14.83	0.14963
14.84	0.13901
14.85	0.13122
14.86	0.12039
14.87	0.11647
14.88	0.12896
14.89	0.14907
14.9	0.17298
14.91	0.16236
14.92	0.10257
14.93	0.04803
14.94	0.01544
14.95	-0.01538
14.96	-0.04164
14.97	-0.04416
14.98	-0.03701
14.99	-0.04241
15	-0.06272
15.01	-0.08443
15.02	-0.107
15.03	-0.11727
15.04	-0.12487
15.05	-0.12722
15.06	-0.13956
15.07	-0.17447
15.08	-0.18871
15.09	-0.17212
15.1	-0.14441
15.11	-0.07259
15.12	0.0106
15.13	0.0498
15.14	0.01459
15.15	-0.03639
15.16	-0.06788
15.17	-0.06104
15.18	-0.03344
15.19	-0.00739
15.2	0.00562
15.21	-0.00645
15.22	-0.06041
15.23	-0.1289
15.24	-0.17883
15.25	-0.20952
15.26	-0.19083
15.27	-0.12976
15.28	-0.04846
15.29	0.0153
15.3	0.05441
15.31	0.09591
15.32	0.10989
15.33	0.10385
15.34	0.11665
15.35	0.12103
15.36	0.09449
15.37	0.05522
15.38	0.02408
15.39	0.01455
15.4	0.03875
15.41	0.09346
15.42	0.16239
15.43	0.21963
15.44	0.2657
15.45	0.27324
15.46	0.26469
15.47	0.27432
15.48	0.28222
15.49	0.27721
15.5	0.25761
15.51	0.20027
15.52	0.12886
15.53	0.06676
15.54	0.03517
15.55	0.01565
15.56	0.01081
15.57	-0.01481
15.58	-0.04689
15.59	-0.07444
15.6	-0.11487
15.61	-0.14581
15.62	-0.16083
15.63	-0.18256
15.64	-0.21844
15.65	-0.22663
15.66	-0.2355
15.67	-0.23772
15.68	-0.24511
15.69	-0.21745
15.7	-0.18737
15.71	-0.12526
15.72	-0.03421
15.73	0.02892
15.74	0.06561
15.75	0.10218
15.76	0.09911
15.77	0.05619
15.78	0.01225
15.79	-0.01751
15.8	0.00654
15.81	0.05674
15.82	0.10538
15.83	0.12964
15.84	0.1367
15.85	0.13656
15.86	0.11014
15.87	0.07279
15.88	0.04606
15.89	0.03349
15.9	0.01088
15.91	0.01712
15.92	0.05978
15.93	0.11261
15.94	0.13856
15.95	0.12202
15.96	0.10352
15.97	0.07499
15.98	0.03987
15.99	0.02052
16	0.01136
16.01	0.02038
16.02	0.00182
16.03	-0.02438
16.04	-0.04826
16.05	-0.07133
16.06	-0.0926
16.07	-0.10221
16.08	-0.10516
16.09	-0.08193
16.1	-0.05433
16.11	-0.03235
16.12	-0.03243
16.13	-0.0166
16.14	-0.00737
16.15	-0.03151
16.16	-0.0775
16.17	-0.14029
16.18	-0.18735
16.19	-0.22955
16.2	-0.27579
16.21	-0.27674
16.22	-0.22867
16.23	-0.15113
16.24	-0.05286
16.25	0.02741
16.26	0.05524
16.27	0.019
16.28	-0.02798
16.29	-0.03112
16.3	-0.03129
16.31	-0.04635
16.32	-0.05897
16.33	-0.06359
16.34	-0.0361
16.35	0.00843
16.36	0.05041
16.37	0.11204
16.38	0.14708
16.39	0.15042
16.4	0.13946
16.41	0.129
16.42	0.11845
16.43	0.11816
16.44	0.11565
16.45	0.12258
16.46	0.12136
16.47	0.1105
16.48	0.09625
16.49	0.088
16.5	0.07476
16.51	0.07039
16.52	0.07698
16.53	0.07444
16.54	0.09069
16.55	0.13626
16.56	0.15873
16.57	0.14081
16.58	0.10376
16.59	0.06541
16.6	0.05718
16.61	0.05898
16.62	0.04748
16.63	0.01716
16.64	-0.01717
16.65	-0.07643
16.66	-0.11755
16.67	-0.1286
16.68	-0.12017
16.69	-0.11947
16.7	-0.11457
16.71	-0.11353
16.72	-0.12242
16.73	-0.13457
16.74	-0.11919
16.75	-0.07884
16.76	-0.03879
16.77	-0.03361
16.78	-0.04962
16.79	-0.04532
16.8	-0.0413
16.81	-0.05151
16.82	-0.05079
16.83	-0.03088
16.84	-0.05688
16.85	-0.11664
16.86	-0.1759
16.87	-0.19404
16.88	-0.19212
16.89	-0.1635
16.9	-0.09363
16.91	-0.00444
16.92	0.08189
16.93	0.12212
16.94	0.11164
16.95	0.08603
16.96	0.0696
16.97	0.07239
16.98	0.09444
16.99	0.11755
17	0.11206
17.01	0.0879
17.02	0.06152
17.03	0.02002
17.04	-0.01517
17.05	-0.03419
17.06	-0.01828
17.07	0.01384
17.08	0.0519
17.09	0.06439
17.1	0.04197
17.11	0.01711
17.12	0.01083
17.13	0.01853
17.14	0.0333
17.15	0.04441
17.16	0.04975
17.17	0.05042
17.18	0.02539
17.19	-0.00002
17.2	-0.01775
17.21	-0.02889
17.22	-0.02388
17.23	-0.01267
17.24	-0.00718
17.25	0.01116
17.26	-0.00728
17.27	-0.05302
17.28	-0.0996
17.29	-0.14327
17.3	-0.16348
17.31	-0.16905
17.32	-0.16132
17.33	-0.13065
17.34	-0.13855
17.35	-0.16698
17.36	-0.16746
17.37	-0.14164
17.38	-0.09175
17.39	-0.04842
17.4	-0.02153
17.41	0.00036
17.42	-0.0037
17.43	-0.02326
17.44	-0.02798
17.45	-0.02544
17.46	-0.00422
17.47	0.0304
17.48	0.02829
17.49	-0.00448
17.5	-0.04623
17.51	-0.09965
17.52	-0.14958
17.53	-0.16449
17.54	-0.16094
17.55	-0.13724
17.56	-0.10805
17.57	-0.08719
17.58	-0.06977
17.59	-0.03505
17.6	-0.0115
17.61	-0.00763
17.62	0.00701
17.63	0.02132
17.64	0.03404
17.65	0.05148
17.66	0.07759
17.67	0.07703
17.68	0.04944
17.69	0.0144
17.7	0.00525
17.71	0.02755
17.72	0.07531
17.73	0.13397
17.74	0.18473
17.75	0.21058
17.76	0.22015
17.77	0.21428
17.78	0.17714
17.79	0.15181
17.8	0.15546
17.81	0.18541
17.82	0.22349
17.83	0.22939
17.84	0.19527
17.85	0.14828
17.86	0.11547
17.87	0.09955
17.88	0.09819
17.89	0.11555
17.9	0.11736
17.91	0.06462
17.92	0.01397
17.93	-0.0108
17.94	-0.00656
17.95	0.00287
17.96	0.01738
17.97	0.02482
17.98	0.01309
17.99	-0.02277
18	-0.05824
18.01	-0.07294
18.02	-0.06788
18.03	-0.07378
18.04	-0.08474
18.05	-0.09532
18.06	-0.11476
18.07	-0.11268
18.08	-0.10378
18.09	-0.11914
18.1	-0.12882
18.11	-0.13327
18.12	-0.1353
18.13	-0.1268
18.14	-0.10407
18.15	-0.08839
18.16	-0.09476
18.17	-0.10464
18.18	-0.11663
18.19	-0.12418
18.2	-0.11041
18.21	-0.09299
18.22	-0.06574
18.23	-0.03287
18.24	-0.02087
18.25	-0.01015
18.26	-0.01521
18.27	-0.03571
18.28	-0.04801
18.29	-0.04528
18.3	-0.01638
18.31	0.01288
18.32	0.04069
18.33	0.04522
18.34	0.06515
18.35	0.10067
18.36	0.11654
18.37	0.11711
18.38	0.11146
18.39	0.10749
18.4	0.10485
18.41	0.11687
18.42	0.12577
18.43	0.10101
18.44	0.03905
18.45	0.0004
18.46	-0.00332
18.47	0.00883
18.48	0.04547
18.49	0.09678
18.5	0.13315
18.51	0.15448
18.52	0.15422
18.53	0.16993
18.54	0.21107
18.55	0.25836
18.56	0.27593
18.57	0.27564
18.58	0.26993
18.59	0.23038
18.6	0.15244
18.61	0.10039
18.62	0.05296
18.63	0.03314
18.64	0.00605
18.65	-0.02267
18.66	-0.0243
18.67	-0.01765
18.68	-0.01071
18.69	-0.02039
18.7	-0.00392
18.71	0.02079
18.72	0.0329
18.73	0.0197
18.74	0.00302
18.75	-0.04059
18.76	-0.09193
18.77	-0.13926
18.78	-0.17644
18.79	-0.18276
18.8	-0.15772
18.81	-0.14815
18.82	-0.14632
18.83	-0.12832
18.84	-0.12335
18.85	-0.1195
18.86	-0.10313
18.87	-0.09594
18.88	-0.08584
18.89	-0.07328
18.9	-0.09156
18.91	-0.12073
18.92	-0.14276
18.93	-0.13787
18.94	-0.12269
18.95	-0.12841
18.96	-0.14889
18.97	-0.19564
18.98	-0.2579
18.99	-0.30286
19	-0.32333
19.01	-0.2865
19.02	-0.21097
19.03	-0.13808
19.04	-0.09409
19.05	-0.08005
19.06	-0.07692
19.07	-0.10464
19.08	-0.15018
19.09	-0.1775
19.1	-0.17051
19.11	-0.10535
19.12	-0.02111
19.13	0.02427
19.14	0.04173
19.15	0.04677
19.16	0.02333
19.17	-0.01356
19.18	-0.03448
19.19	-0.01978
19.2	0.00111
19.21	0.02227
19.22	0.02887
19.23	0.01614
19.24	0.00991
19.25	0.01011
19.26	0.02816
19.27	0.04915
19.28	0.06897
19.29	0.07661
19.3	0.05531
19.31	0.01317
19.32	-0.02733
19.33	-0.05597
19.34	-0.05482
19.35	-0.01694
19.36	0.07442
19.37	0.17177
19.38	0.22343
19.39	0.25058
19.4	0.27127
19.41	0.29285
19.42	0.29345
19.43	0.29484
19.44	0.302
19.45	0.28513
19.46	0.22954
19.47	0.16987
19.48	0.13517
19.49	0.13356
19.5	0.12746
19.51	0.12129
19.52	0.12497
19.53	0.10916
19.54	0.06284
19.55	0.02495
19.56	0.00351
19.57	-0.01112
19.58	-0.01791
19.59	0.00864
19.6	0.07214
19.61	0.12834
19.62	0.15813
19.63	0.17164
19.64	0.16713
19.65	0.15013
19.66	0.13191
19.67	0.12187
19.68	0.1409
19.69	0.14146
19.7	0.12696
19.71	0.12056
19.72	0.13906
19.73	0.1671
19.74	0.20197
19.75	0.2138
19.76	0.19539
19.77	0.16338
19.78	0.13309
19.79	0.10372
19.8	0.07106
19.81	0.02764
19.82	-0.01474
19.83	-0.03716
19.84	-0.0648
19.85	-0.06746
19.86	-0.03745
19.87	-0.02188
19.88	-0.02559
19.89	-0.03623
19.9	-0.03485
19.91	-0.03846
19.92	-0.07832
19.93	-0.14447
19.94	-0.20182
19.95	-0.21715
19.96	-0.23254
19.97	-0.23412
19.98	-0.22239
19.99	-0.20618
20	-0.21408
20.01	-0.22724
20.02	-0.22304
20.03	-0.2306
20.04	-0.23928
20.05	-0.2269
20.06	-0.20741
20.07	-0.17638
20.08	-0.15163
20.09	-0.13905
20.1	-0.13613
20.11	-0.13065
20.12	-0.13462
20.13	-0.13698
20.14	-0.11133
20.15	-0.09101
20.16	-0.07644
20.17	-0.07343
20.18	-0.07298
20.19	-0.08299
20.2	-0.08936
20.21	-0.07631
20.22	-0.05801
20.23	-0.02657
20.24	0.01753
20.25	0.06651
20.26	0.11212
20.27	0.13159
20.28	0.09907
20.29	0.02923
20.3	-0.01566
20.31	-0.05247
20.32	-0.07933
20.33	-0.06963
20.34	-0.05408
20.35	-0.04329
20.36	-0.03727
20.37	-0.01174
20.38	0.02643
20.39	0.07465
20.4	0.12013
20.41	0.1479
20.42	0.17296
20.43	0.16811
20.44	0.14497
20.45	0.12384
20.46	0.11696
20.47	0.12843
20.48	0.14953
20.49	0.17114
20.5	0.17471
20.51	0.13025
20.52	0.0502
20.53	-0.02068
20.54	-0.04726
20.55	-0.05892
20.56	-0.05428
20.57	0.00562
20.58	0.07285
20.59	0.14057
20.6	0.18565
20.61	0.1981
20.62	0.17683
20.63	0.1537
20.64	0.13129
20.65	0.11113
20.66	0.08157
20.67	0.0695
20.68	0.06244
20.69	0.06612
20.7	0.065
20.71	0.0399
20.72	0.00731
20.73	-0.00349
20.74	-0.05784
20.75	-0.11405
20.76	-0.11918
20.77	-0.10929
20.78	-0.10631
20.79	-0.10251
20.8	-0.10434
20.81	-0.11396
20.82	-0.1351
20.83	-0.1752
20.84	-0.23322
20.85	-0.28491
20.86	-0.30442
20.87	-0.30782
20.88	-0.29291
20.89	-0.29424
20.9	-0.30687
20.91	-0.29633
20.92	-0.26661
20.93	-0.2076
20.94	-0.1622
20.95	-0.1112
20.96	-0.06392
20.97	-0.01097
20.98	0.03636
20.99	0.06579
21	0.10114
21.01	0.13149
21.02	0.14628
21.03	0.16675
21.04	0.19786
21.05	0.2145
21.06	0.22108
21.07	0.21645
21.08	0.22287
21.09	0.24347
21.1	0.28527
21.11	0.34016
21.12	0.37347
21.13	0.39556
21.14	0.39941
21.15	0.37075
21.16	0.30726
21.17	0.22032
21.18	0.11974
21.19	0.03943
21.2	-0.03947
21.21	-0.08343
21.22	-0.11883
21.23	-0.12478
21.24	-0.11416
21.25	-0.13541
21.26	-0.16456
21.27	-0.16517
21.28	-0.16689
21.29	-0.16314
21.3	-0.14924
21.31	-0.15183
21.32	-0.1688
21.33	-0.19386
21.34	-0.22648
21.35	-0.22241
21.36	-0.16455
21.37	-0.09286
21.38	-0.06665
21.39	-0.05747
21.4	-0.07734
21.41	-0.10385
21.42	-0.12662
21.43	-0.15645
21.44	-0.15871
21.45	-0.13257
21.46	-0.08688
21.47	-0.049
21.48	-0.02441
21.49	-0.00438
21.5	0.03348
21.51	0.06295
21.52	0.09918
21.53	0.15357
21.54	0.18503
21.55	0.17553
21.56	0.09886
21.57	-0.01459
21.58	-0.1255
21.59	-0.20361
21.6	-0.22748
21.61	-0.21398
21.62	-0.20388
21.63	-0.18684
21.64	-0.16193
21.65	-0.12914
21.66	-0.09318
21.67	-0.03424
21.68	0.01497
21.69	0.06329
21.7	0.13542
21.71	0.19119
21.72	0.22945
21.73	0.23881
21.74	0.23086
21.75	0.22658
21.76	0.22248
21.77	0.19573
21.78	0.11708
21.79	0.02494
21.8	-0.05331
21.81	-0.07616
21.82	-0.00351
21.83	0.13373
21.84	0.28223
21.85	0.3784
21.86	0.38696
21.87	0.33258
21.88	0.22132
21.89	0.1023
21.9	0.00236
21.91	-0.05739
21.92	-0.10536
21.93	-0.12835
21.94	-0.13961
21.95	-0.16739
21.96	-0.18561
21.97	-0.16427
21.98	-0.12869
21.99	-0.09832
22	-0.07171
22.01	-0.07371
22.02	-0.07992
22.03	-0.08893
22.04	-0.12303
22.05	-0.15421
22.06	-0.16537
22.07	-0.1667
22.08	-0.19207
22.09	-0.23027
22.1	-0.24017
22.11	-0.21156
22.12	-0.15834
22.13	-0.10266
22.14	-0.02402
22.15	0.05264
22.16	0.07095
22.17	0.03408
22.18	-0.01548
22.19	-0.05416
22.2	-0.04545
22.21	-0.01081
22.22	0.06079
22.23	0.10857
22.24	0.16342
22.25	0.2311
22.26	0.27276
22.27	0.29436
22.28	0.31136
22.29	0.29243
22.3	0.24151
22.31	0.15845
22.32	0.06749
22.33	-0.00498
22.34	-0.05939
22.35	-0.07099
22.36	-0.04237
22.37	0.01449
22.38	0.04914
22.39	0.04519
22.4	0.02332
22.41	0.0036
22.42	0.01242
22.43	0.03082
22.44	0.06121
22.45	0.08487
22.46	0.10554
22.47	0.11017
22.48	0.10409
22.49	0.11867
22.5	0.12779
22.51	0.14842
22.52	0.1768
22.53	0.16015
22.54	0.11202
22.55	0.02106
22.56	-0.09592
22.57	-0.22672
22.58	-0.32407
22.59	-0.36616
22.6	-0.34349
22.61	-0.28353
22.62	-0.19758
22.63	-0.12486
22.64	-0.09519
22.65	-0.10084
22.66	-0.09318
22.67	-0.07181
22.68	-0.04729
22.69	0.0039
22.7	0.07556
22.71	0.14579
22.72	0.17641
22.73	0.17961
22.74	0.17717
22.75	0.14997
22.76	0.08062
22.77	-0.00517
22.78	-0.09554
22.79	-0.17
22.8	-0.23035
22.81	-0.2579
22.82	-0.2234
22.83	-0.16804
22.84	-0.11345
22.85	-0.03704
22.86	0.05133
22.87	0.13274
22.88	0.17242
22.89	0.17318
22.9	0.1813
22.91	0.15541
22.92	0.09034
22.93	0.02579
22.94	-0.02839
22.95	-0.07104
22.96	-0.09644
22.97	-0.11566
22.98	-0.10358
22.99	-0.08271
23	-0.05907
23.01	-0.02491
23.02	0.0067
23.03	0.00886
23.04	-0.00102
23.05	-0.00972
23.06	-0.02683
23.07	-0.05438
23.08	-0.07657
23.09	-0.08889
23.1	-0.09269
23.11	-0.08321
23.12	-0.07687
23.13	-0.0562
23.14	-0.06006
23.15	-0.06344
23.16	-0.06619
23.17	-0.07988
23.18	-0.09633
23.19	-0.1166
23.2	-0.10842
23.21	-0.06829
23.22	-0.0248
23.23	-0.00325
23.24	0.00714
23.25	0.03433
23.26	0.05142
23.27	0.08081
23.28	0.12529
23.29	0.16523
23.3	0.15812
23.31	0.11638
23.32	0.03754
23.33	-0.06025
23.34	-0.1402
23.35	-0.16363
23.36	-0.1402
23.37	-0.08354
23.38	-0.01494
23.39	0.04667
23.4	0.10034
23.41	0.10351
23.42	0.07629
23.43	0.03407
23.44	-0.01813
23.45	-0.0425
23.46	-0.02817
23.47	0.00429
23.48	0.04758
23.49	0.06894
23.5	0.07278
23.51	0.06911
23.52	0.05672
23.53	0.05688
23.54	0.0576
23.55	0.07323
23.56	0.10297
23.57	0.13952
23.58	0.16423
23.59	0.16867
23.6	0.15877
23.61	0.12622
23.62	0.07713
23.63	0.04598
23.64	0.04617
23.65	0.07145
23.66	0.08316
23.67	0.0644
23.68	0.0502
23.69	0.02771
23.7	-0.00176
23.71	-0.01336
23.72	-0.0116
23.73	-0.01018
23.74	-0.02404
23.75	-0.03881
23.76	-0.02038
23.77	-0.00908
23.78	-0.01276
23.79	-0.01029
23.8	-0.02293
23.81	-0.0562
23.82	-0.11753
23.83	-0.17802
23.84	-0.21426
23.85	-0.23293
23.86	-0.22784
23.87	-0.18168
23.88	-0.10792
23.89	-0.03968
23.9	0.01013
23.91	0.05451
23.92	0.10201
23.93	0.13842
23.94	0.13126
23.95	0.08505
23.96	0.04508
23.97	-0.00344
23.98	-0.03674
23.99	-0.02675
24	0.01029
24.01	0.05662
24.02	0.07684
24.03	0.07873
24.04	0.04713
24.05	0.01706
24.06	0.01473
24.07	-0.00094
24.08	0.00213
24.09	0.01811
24.1	0.0187
24.11	0.00387
24.12	-0.03215
24.13	-0.03891
24.14	-0.0052
24.15	0.02296
24.16	0.01586
24.17	-0.03009
24.18	-0.08566
24.19	-0.14908
24.2	-0.2022
24.21	-0.2217
24.22	-0.21895
24.23	-0.18004
24.24	-0.13649
24.25	-0.10285
24.26	-0.07486
24.27	-0.03796
24.28	0.00445
24.29	0.03972
24.3	0.07699
24.31	0.12924
24.32	0.15109
24.33	0.15708
24.34	0.15895
24.35	0.12831
24.36	0.08198
24.37	0.02275
24.38	-0.0559
24.39	-0.11154
24.4	-0.13664
24.41	-0.14418
24.42	-0.13914
24.43	-0.14432
24.44	-0.16133
24.45	-0.18175
24.46	-0.18601
24.47	-0.18922
24.48	-0.1709
24.49	-0.10614
24.5	-0.02123
24.51	0.04492
24.52	0.08785
24.53	0.11121
24.54	0.12399
24.55	0.14603
24.56	0.15782
24.57	0.16482
24.58	0.1844
24.59	0.21288
24.6	0.23396
24.61	0.22837
24.62	0.20171
24.63	0.16654
24.64	0.13576
24.65	0.10531
24.66	0.07277
24.67	0.04452
24.68	0.03548
24.69	0.02855
24.7	0.03679
24.71	0.0703
24.72	0.10597
24.73	0.15
24.74	0.13855
24.75	0.10408
24.76	0.07821
24.77	0.06146
24.78	0.0749
24.79	0.1021
24.8	0.10086
24.81	0.08071
24.82	0.04476
24.83	0.00248
24.84	-0.04485
24.85	-0.07207
24.86	-0.06676
24.87	-0.05801
24.88	-0.04372
24.89	-0.04839
24.9	-0.06895
24.91	-0.10574
24.92	-0.1154
24.93	-0.09885
24.94	-0.08636
24.95	-0.07051
24.96	-0.04474
24.97	-0.023
24.98	-0.01993
24.99	-0.0436
25	-0.06838
25.01	-0.07419
25.02	-0.08536
25.03	-0.09511
25.04	-0.08449
25.05	-0.07558
25.06	-0.08182
25.07	-0.10325
25.08	-0.13462
25.09	-0.12744
25.1	-0.06346
25.11	0.03478
25.12	0.11441
25.13	0.15912
25.14	0.16893
25.15	0.15041
25.16	0.12607
25.17	0.10101
25.18	0.09603
25.19	0.0992
25.2	0.11657
25.21	0.12542
25.22	0.11631
25.23	0.08975
25.24	0.05911
25.25	0.00458
25.26	-0.042
25.27	-0.04899
25.28	-0.0346
25.29	-0.01165
25.3	0.00189
25.31	-0.01792
25.32	-0.03207
25.33	-0.02937
25.34	-0.00685
25.35	0.02193
25.36	0.05799
25.37	0.08091
25.38	0.08955
25.39	0.06616
25.4	0.00614
25.41	-0.05374
25.42	-0.09098
25.43	-0.12437
25.44	-0.14893
25.45	-0.15292
25.46	-0.1575
25.47	-0.1514
25.48	-0.15182
25.49	-0.16395
25.5	-0.17266
25.51	-0.16486
25.52	-0.14818
25.53	-0.1272
25.54	-0.0954
25.55	-0.04531
25.56	-0.01779
25.57	-0.00616
25.58	-0.00175
25.59	-0.01528
25.6	-0.03063
25.61	-0.04222
25.62	-0.04616
25.63	-0.02563
25.64	0.02643
25.65	0.0794
25.66	0.11503
25.67	0.13179
25.68	0.14339
25.69	0.12152
25.7	0.08688
25.71	0.06832
25.72	0.05782
25.73	0.06567
25.74	0.0636
25.75	0.05156
25.76	0.01598
25.77	-0.02803
25.78	-0.06474
25.79	-0.08193
25.8	-0.05342
25.81	0.00027
25.82	0.05114
25.83	0.06596
25.84	0.06346
25.85	0.05886
25.86	0.05908
25.87	0.06219
25.88	0.07228
25.89	0.10213
25.9	0.09883
25.91	0.07003
25.92	0.04383
25.93	0.02208
25.94	0.01481
25.95	0.00443
25.96	0.0001
25.97	0.0086
25.98	0.01177
25.99	0.01514
26	0.02596
26.01	0.03501
26.02	0.03992
26.03	0.03121
26.04	0.02859
26.05	0.03224
26.06	0.02967
26.07	0.01734
26.08	0.01613
26.09	0.00994
26.1	0.00205
26.11	-0.02791
26.12	-0.04795
26.13	-0.04455
26.14	-0.04831
26.15	-0.05778
26.16	-0.06847
26.17	-0.08122
26.18	-0.09968
26.19	-0.12854
26.2	-0.14755
26.21	-0.14213
26.22	-0.13051
26.23	-0.10827
26.24	-0.07508
26.25	-0.02628
26.26	0.02776
26.27	0.08713
26.28	0.13669
26.29	0.1878
26.3	0.19248
26.31	0.16525
26.32	0.13313
26.33	0.10132
26.34	0.08257
26.35	0.05702
26.36	0.01868
26.37	-0.02446
26.38	-0.05983
26.39	-0.09189
26.4	-0.1071
26.41	-0.08015
26.42	-0.05648
26.43	-0.0428
26.44	-0.03442
26.45	-0.01357
26.46	0.00378
26.47	0.03826
26.48	0.07715
26.49	0.09806
26.5	0.09451
26.51	0.07232
26.52	0.04301
26.53	0.01301
26.54	-0.02336
26.55	-0.0554
26.56	-0.06789
26.57	-0.09211
26.58	-0.10978
26.59	-0.10661
26.6	-0.09684
26.61	-0.07046
26.62	-0.03771
26.63	-0.01584
26.64	0.01546
26.65	0.03178
26.66	0.04216
26.67	0.06233
26.68	0.06264
26.69	0.06092
26.7	0.04225
26.71	0.03621
26.72	0.04399
26.73	0.04609
26.74	0.0285
26.75	0.02021
26.76	0.02544
26.77	0.04091
26.78	0.04978
26.79	0.05662
26.8	0.06448
26.81	0.06356
26.82	0.03227
26.83	0.00368
26.84	-0.01107
26.85	-0.01773
26.86	-0.03194
26.87	-0.03719
26.88	-0.04168
26.89	-0.0508
26.9	-0.0821
26.91	-0.11034
26.92	-0.11433
26.93	-0.11778
26.94	-0.13278
26.95	-0.14661
26.96	-0.15627
26.97	-0.16311
26.98	-0.18222
26.99	-0.19322
27	-0.18745
27.01	-0.18053
27.02	-0.18957
27.03	-0.19239
27.04	-0.15532
27.05	-0.10932
27.06	-0.04547
27.07	0.02799
27.08	0.07622
27.09	0.10017
27.1	0.0956
27.11	0.07063
27.12	0.06966
27.13	0.07699
27.14	0.09211
27.15	0.11624
27.16	0.12964
27.17	0.13712
27.18	0.1167
27.19	0.08217
27.2	0.03863
27.21	0.00525
27.22	-0.02177
27.23	-0.04371
27.24	-0.04683
27.25	-0.03888
27.26	-0.02603
27.27	-0.03683
27.28	-0.04377
27.29	-0.04376
27.3	-0.04144
27.31	-0.03736
27.32	-0.02491
27.33	0.012
27.34	0.03726
27.35	0.05009
27.36	0.06338
27.37	0.05733
27.38	0.04968
27.39	0.03049
27.4	0.01707
27.41	-0.00377
27.42	-0.00262
27.43	0.01267
27.44	0.01484
27.45	0.02932
27.46	0.06016
27.47	0.07738
27.48	0.08282
27.49	0.08667
27.5	0.07848
27.51	0.0696
27.52	0.05238
27.53	0.03705
27.54	0.03365
27.55	0.03898
27.56	0.04659
27.57	0.04299
27.58	0.02675
27.59	0.00837
27.6	-0.01239
27.61	-0.03055
27.62	-0.04433
27.63	-0.04461
27.64	-0.03132
27.65	-0.01319
27.66	-0.00059
27.67	0.00988
27.68	0.01934
27.69	0.03227
27.7	0.03029
27.71	0.01823
27.72	0.01403
27.73	0.01773
27.74	0.03163
27.75	0.03952
27.76	0.04199
27.77	0.03485
27.78	0.01905
27.79	-0.00355
27.8	-0.02413
27.81	-0.03108
27.82	-0.01712
27.83	-0.01932
27.84	-0.02887
27.85	-0.02621
27.86	-0.02378
27.87	-0.01487
27.88	-0.00606
27.89	0.00197
27.9	0.01522
27.91	0.03356
27.92	0.05596
27.93	0.07639
27.94	0.07256
27.95	0.07694
27.96	0.08755
27.97	0.10205
27.98	0.1019
27.99	0.09035
28	0.08928
28.01	0.09355
28.02	0.1074
28.03	0.11815
28.04	0.12929
28.05	0.12351
28.06	0.12058
28.07	0.11458
28.08	0.09149
28.09	0.0687
28.1	0.03843
28.11	0.01265
28.12	-0.01595
28.13	-0.05531
28.14	-0.09645
28.15	-0.12006
28.16	-0.14348
28.17	-0.16215
28.18	-0.16004
28.19	-0.13362
28.2	-0.09133
28.21	-0.07403
28.22	-0.07303
28.23	-0.06726
28.24	-0.06581
28.25	-0.06126
28.26	-0.06418
28.27	-0.08357
28.28	-0.09509
28.29	-0.08808
28.3	-0.07049
28.31	-0.06504
28.32	-0.06846
28.33	-0.05921
28.34	-0.04163
28.35	-0.01655
28.36	-0.00017
28.37	0.01487
28.38	0.01464
28.39	0.01377
28.4	0.00665
28.41	-0.00609
28.42	-0.0111
28.43	0.00581
28.44	0.00518
28.45	-0.00944
28.46	-0.01817
28.47	-0.02439
28.48	-0.02391
28.49	-0.02672
28.5	-0.03181
28.51	-0.03553
28.52	-0.03694
28.53	-0.03291
28.54	-0.04777
28.55	-0.07063
28.56	-0.09171
28.57	-0.09649
28.58	-0.08949
28.59	-0.07909
28.6	-0.06142
28.61	-0.0386
28.62	-0.02757
28.63	-0.02326
28.64	-0.01548
28.65	-0.0114
28.66	-0.00137
28.67	0.00221
28.68	-0.01192
28.69	-0.01757
28.7	-0.01906
28.71	-0.01622
28.72	-0.01494
28.73	-0.01714
28.74	-0.00419
28.75	0.00773
28.76	0.02254
28.77	0.03502
28.78	0.03652
28.79	0.03675
28.8	0.0438
28.81	0.0569
28.82	0.06335
28.83	0.06426
28.84	0.05858
28.85	0.05454
28.86	0.05148
28.87	0.04245
28.88	0.04078
28.89	0.04162
28.9	0.03986
28.91	0.03835
28.92	0.03336
28.93	0.03645
28.94	0.04346
28.95	0.054
28.96	0.04201
28.97	0.03215
28.98	0.01845
28.99	-0.00417
29	-0.03595
29.01	-0.07083
29.02	-0.08308
29.03	-0.10023
29.04	-0.12003
29.05	-0.12412
29.06	-0.12695
29.07	-0.12227
29.08	-0.12822
29.09	-0.12681
29.1	-0.122
29.11	-0.10517
29.12	-0.07335
29.13	-0.02837
29.14	-0.00113
29.15	0.02502
29.16	0.02238
29.17	0.01865
29.18	0.01267
29.19	0.01367
29.2	0.01999
29.21	0.03599
29.22	0.05599
29.23	0.07878
29.24	0.08805
29.25	0.09574
29.26	0.09406
29.27	0.09213
29.28	0.07841
29.29	0.06512
29.3	0.05775
29.31	0.05916
29.32	0.05488
29.33	0.05242
29.34	0.03715
29.35	0.02297
29.36	0.00288
29.37	-0.01891
29.38	-0.03263
29.39	-0.03663
29.4	-0.04982
29.41	-0.06194
29.42	-0.07168
29.43	-0.08104
29.44	-0.08318
29.45	-0.07557
29.46	-0.05606
29.47	-0.02974
29.48	-0.01439
29.49	-0.00068
29.5	0.02435
29.51	0.03733
29.52	0.04185
29.53	0.04485
29.54	0.04284
29.55	0.03928
29.56	0.02966
29.57	0.02076
29.58	0.03577
29.59	0.0368
29.6	0.0307
29.61	0.02835
29.62	0.02229
29.63	0.01815
29.64	0.01797
29.65	0.01052
29.66	0.01079
29.67	0.02535
29.68	0.04393
29.69	0.04777
29.7	0.04088
29.71	0.04895
29.72	0.04357
29.73	0.0385
29.74	0.03178
29.75	0.02743
29.76	0.01497
29.77	0.00873
29.78	0.00609
29.79	-0.00213
29.8	-0.01406
29.81	-0.02814
29.82	-0.03756
29.83	-0.03344
29.84	-0.03403
29.85	-0.02641
29.86	-0.00776
29.87	-0.00092
29.88	0.00111
29.89	-0.00128
29.9	0.00504
29.91	0.01515
29.92	0.01686
29.93	0.01299
29.94	0.01997
29.95	0.02099
29.96	0.01875
29.97	0.01846
29.98	0.02876
29.99	0.03954
30	0.0414
30.01	0.04425
30.02	0.06351
30.03	0.06568
30.04	0.06444
30.05	0.06534
30.06	0.06485
30.07	0.05883
30.08	0.04803
30.09	0.04078
30.1	0.04626
30.11	0.03907
30.12	0.02221
30.13	0.01478
30.14	0.01555
30.15	0.01899
30.16	0.01169
30.17	0.00673
30.18	0.01288
30.19	0.0122
30.2	0.00905
30.21	0.0125
30.22	0.01895
30.23	0.03752
30.24	0.03985
30.25	0.04049
30.26	0.0394
30.27	0.03242
30.28	0.01942
30.29	0.00385
30.3	-0.01122
30.31	-0.02405
30.32	-0.0304
30.33	-0.05406
30.34	-0.07917
30.35	-0.08666
30.36	-0.09225
30.37	-0.10375
30.38	-0.10729
30.39	-0.09415
30.4	-0.08687
30.41	-0.07651
30.42	-0.05656
30.43	-0.04061
30.44	-0.02673
30.45	-0.02145
30.46	-0.01463
30.47	-0.00273
30.48	0.00499
30.49	0.01237
30.5	0.03036
30.51	0.04712
30.52	0.06421
30.53	0.07235
30.54	0.07293
30.55	0.05938
30.56	0.06432
30.57	0.06454
30.58	0.04556
30.59	0.02611
30.6	0.01688
30.61	-0.01264
30.62	-0.05305
30.63	-0.08038
30.64	-0.1009
30.65	-0.1095
30.66	-0.12954
30.67	-0.12947
30.68	-0.12521
30.69	-0.09739
30.7	-0.06836
30.71	-0.05403
30.72	-0.03388
30.73	-0.0057
30.74	0.00327
30.75	0.00247
30.76	0.01593
30.77	0.02747
30.78	0.04813
30.79	0.05708
30.8	0.0535
30.81	0.0497
30.82	0.05327
30.83	0.05912
30.84	0.05996
30.85	0.05524
30.86	0.04745
30.87	0.04731
30.88	0.05815
30.89	0.05078
30.9	0.03824
30.91	0.04825
30.92	0.05724
30.93	0.04224
30.94	0.01936
30.95	0.01162
30.96	0.03278
30.97	0.04547
30.98	0.03602
30.99	0.007
31	0.0049
31.01	0.02484
31.02	0.02434
31.03	0.01863
31.04	0.01298
31.05	0.02567
31.06	0.03874
31.07	0.02856
31.08	0.01029
31.09	0.01575
31.1	0.01455
31.11	0.00604
31.12	-0.00652
31.13	-0.0187
31.14	-0.02094
31.15	-0.01821
31.16	-0.03713
31.17	-0.04574
31.18	-0.05169
31.19	-0.05469
31.2	-0.05853
31.21	-0.05136
31.22	-0.0554
31.23	-0.04862
31.24	-0.03557
31.25	-0.0381
31.26	-0.03719
31.27	-0.03552
31.28	-0.02805
31.29	-0.02704
31.3	-0.02289
31.31	-0.00761
31.32	0.01199
31.33	0.00855
31.34	-0.00172
31.35	-0.00892
31.36	-0.01102
31.37	-0.01741
31.38	-0.01639
31.39	-0.01249
31.4	-0.01925
31.41	-0.01548
31.42	-0.01107
31.43	-0.0092
31.44	-0.01285
31.45	-0.01922
31.46	-0.0242
31.47	-0.02344
31.48	-0.02307
31.49	-0.02279
31.5	-0.0122
31.51	-0.00033
31.52	-0.00973
31.53	-0.02716
31.54	-0.0362
31.55	-0.04116
31.56	-0.02499
31.57	-0.0115
31.58	-0.00568
31.59	-0.00009
31.6	0.01011
31.61	0.02269
31.62	0.03364
31.63	0.04257
31.64	0.04999
31.65	0.05039
31.66	0.03831
31.67	0.02473
31.68	0.01583
31.69	0.01914
31.7	0.01231
31.71	0.00602
31.72	0.00425
31.73	0.00087
31.74	0.00303
31.75	0.01162
31.76	0.00865
31.77	0.01881
31.78	0.03727
31.79	0.05878
31.8	0.06872
31.81	0.07831
31.82	0.06766
31.83	0.05164
31.84	0.04171
31.85	0.01758
31.86	-0.00555
31.87	-0.01525
31.88	-0.02082
31.89	-0.03327
31.9	-0.04213
31.91	-0.04656
31.92	-0.04454
31.93	-0.06267
31.94	-0.07284
31.95	-0.07243
31.96	-0.06503
31.97	-0.04905
31.98	-0.02674
31.99	-0.02233
32	-0.01804
32.01	-0.01186
32.02	0.00053
32.03	0.00246
32.04	-0.00469
32.05	-0.01004
32.06	-0.01087
32.07	-0.01288
32.08	-0.01159
32.09	-0.01594
32.1	-0.02064
32.11	-0.03375
32.12	-0.03383
32.13	-0.01807
32.14	-0.00921
32.15	-0.00044
32.16	0.00291
32.17	0.01163
32.18	0.0155
32.19	0.0104
32.2	0.00598
32.21	0.01644
32.22	0.02076
32.23	0.01755
32.24	0.01393
32.25	0.00813
32.26	0.01493
32.27	0.00946
32.28	0.00142
32.29	0.00765
32.3	0.01829
32.31	0.03347
32.32	0.0281
32.33	0.0193
32.34	0.02187
32.35	0.0228
32.36	0.0287
32.37	0.03486
32.38	0.02894
32.39	0.02267
32.4	0.02091
32.41	0.02843
32.42	0.03227
32.43	0.04091
32.44	0.04074
32.45	0.03396
32.46	0.02926
32.47	0.02233
32.48	0.00628
32.49	-0.0132
32.5	-0.01808
32.51	-0.02361
32.52	-0.02782
32.53	-0.04283
32.54	-0.06034
32.55	-0.08862
32.56	-0.09889
32.57	-0.09444
32.58	-0.09304
32.59	-0.08547
32.6	-0.07881
32.61	-0.0716
32.62	-0.06731
32.63	-0.06754
32.64	-0.06729
32.65	-0.05047
32.66	-0.05195
32.67	-0.05805
32.68	-0.05711
32.69	-0.04981
32.7	-0.0329
32.71	-0.01357
32.72	0.00068
32.73	0.00863
32.74	0.01483
32.75	0.02205
32.76	0.04161
32.77	0.04775
32.78	0.04396
32.79	0.04588
32.8	0.04757
32.81	0.04767
32.82	0.04867
32.83	0.04734
32.84	0.04195
32.85	0.03684
32.86	0.02803
32.87	0.01453
32.88	0.01185
32.89	0.0177
32.9	0.01229
32.91	0.00652
32.92	0.01353
32.93	0.02007
32.94	0.0347
32.95	0.03767
32.96	0.02329
32.97	0.00807
32.98	0.00227
32.99	-0.00764
33	-0.01456
33.01	-0.01944
33.02	-0.01732
33.03	-0.01311
33.04	-0.01143
33.05	-0.00801
33.06	-0.00018
33.07	0.00593
33.08	0.00986
33.09	0.00308
33.1	-0.00056
33.11	0.00137
33.12	0.00459
33.13	0.00482
33.14	0.00769
33.15	0.01288
33.16	0.01759
33.17	0.01669
33.18	0.00582
33.19	0.00495
33.2	0.00486
33.21	0.00157
33.22	-0.00694
33.23	-0.00186
33.24	-0.00413
33.25	-0.00054
33.26	0.00598
33.27	0.01105
33.28	0.01958
33.29	0.0264
33.3	0.03038
33.31	0.03318
33.32	0.0346
33.33	0.03797
33.34	0.04014
33.35	0.03185
33.36	0.02286
33.37	0.02777
33.38	0.03181
33.39	0.0334
33.4	0.03259
33.41	0.02776
33.42	0.02869
33.43	0.02027
33.44	0.01134
33.45	0.0113
33.46	0.01198
33.47	0.01727
33.48	0.0208
33.49	0.01489
33.5	0.02053
33.51	0.01858
33.52	0.01339
33.53	0.01541
33.54	0.01712
33.55	0.0191
33.56	0.00187
33.57	-0.01429
33.58	-0.02546
33.59	-0.03438
33.6	-0.0429
33.61	-0.04249
33.62	-0.03747
33.63	-0.02429
33.64	-0.01902
33.65	-0.0138
33.66	-0.01277
33.67	-0.01242
33.68	-0.01393
33.69	-0.01642
33.7	-0.01513
33.71	-0.01118
33.72	-0.00959
33.73	-0.00693
33.74	-0.0103
33.75	-0.01445
33.76	-0.014
33.77	-0.01831
33.78	-0.01298
33.79	-0.00093
33.8	0.0024
33.81	-0.01013
33.82	0.00301
33.83	0.00504
33.84	0.00066
33.85	-0.00473
33.86	-0.00744
33.87	-0.00096
33.88	0.00103
33.89	0.00191
33.9	0.01605
33.91	0.02139
33.92	0.02067
33.93	0.01883
33.94	0.01878
33.95	0.01496
33.96	0.00603
33.97	0.00079
33.98	0.01233
33.99	0.01059
34	0.00503
34.01	0.01131
34.02	0.01698
34.03	0.02178
34.04	0.02087
34.05	0.01899
34.06	0.03365
34.07	0.03464
34.08	0.0297
34.09	0.03487
34.1	0.03728
34.11	0.0366
34.12	0.02586
34.13	0.00866
34.14	0.01209
34.15	0.00532
34.16	-0.00631
34.17	-0.00723
34.18	-0.00398
34.19	0.0043
34.2	0.0088
34.21	0.01233
34.22	0.03077
34.23	0.03475
34.24	0.03621
34.25	0.04635
34.26	0.05452
34.27	0.06955
34.28	0.07278
34.29	0.07732
34.3	0.08481
34.31	0.09823
34.32	0.09419
34.33	0.0796
34.34	0.07028
34.35	0.06041
34.36	0.05081
34.37	0.0279
34.38	0.01575
34.39	0.00724
34.4	-0.00232
34.41	-0.0137
34.42	-0.01904
34.43	-0.02189
34.44	-0.02368
34.45	-0.03273
34.46	-0.04444
34.47	-0.06142
34.48	-0.06662
34.49	-0.07768
34.5	-0.10069
34.51	-0.10602
34.52	-0.11019
34.53	-0.11908
34.54	-0.1334
34.55	-0.13537
34.56	-0.13572
34.57	-0.13403
34.58	-0.13154
34.59	-0.13137
34.6	-0.12069
34.61	-0.11687
34.62	-0.12189
34.63	-0.11622
34.64	-0.10347
34.65	-0.0815
34.66	-0.06611
34.67	-0.04933
34.68	-0.03603
34.69	-0.00741
34.7	0.0142
34.71	0.01449
34.72	0.02741
34.73	0.04764
34.74	0.04806
34.75	0.03859
34.76	0.03685
34.77	0.03505
34.78	0.0422
34.79	0.03665
34.8	0.0408
34.81	0.04039
34.82	0.05267
34.83	0.06489
34.84	0.06303
34.85	0.0652
34.86	0.08138
34.87	0.07317
34.88	0.05773
34.89	0.04921
34.9	0.03749
34.91	0.03935
34.92	0.0398
34.93	0.02463
34.94	0.01641
34.95	0.01161
34.96	0.00862
34.97	0.00383
34.98	-0.00331
34.99	-0.00488
35	0.00049
35.01	-0.00693
35.02	-0.02004
35.03	-0.02269
35.04	-0.02188
35.05	-0.04161
35.06	-0.06513
35.07	-0.07151
35.08	-0.07248
35.09	-0.07327
35.1	-0.07553
35.11	-0.0678
35.12	-0.05517
35.13	-0.05823
35.14	-0.06329
35.15	-0.05907
35.16	-0.0597
35.17	-0.05472
35.18	-0.06329
35.19	-0.06506
35.2	-0.06877
35.21	-0.06864
35.22	-0.06209
35.23	-0.05587
35.24	-0.05002
35.25	-0.04029
35.26	-0.02901
35.27	-0.02066
35.28	-0.01731
35.29	-0.01551
35.3	0.00046
35.31	0.01347
35.32	0.01669
35.33	0.02041
35.34	0.03406
35.35	0.05762
35.36	0.05496
35.37	0.04934
35.38	0.04808
35.39	0.05051
35.4	0.05369
35.41	0.04395
35.42	0.0353
35.43	0.03807
35.44	0.04016
35.45	0.04228
35.46	0.03747
35.47	0.02683
35.48	0.02523
35.49	0.02876
35.5	0.04143
35.51	0.05129
35.52	0.05205
35.53	0.05126
35.54	0.05122
35.55	0.0544
35.56	0.05952
35.57	0.04324
35.58	0.03054
35.59	0.0252
35.6	0.02947
35.61	0.02975
35.62	0.02114
35.63	0.02091
35.64	0.0184
35.65	0.01994
35.66	0.01827
35.67	0.02127
35.68	0.01429
35.69	0.01566
35.7	0.02243
35.71	0.02191
35.72	0.023
35.73	0.018
35.74	0.01484
35.75	0.0089
35.76	-0.00712
35.77	-0.02303
35.78	-0.02534
35.79	-0.03286
35.8	-0.04363
35.81	-0.05164
35.82	-0.05301
35.83	-0.04648
35.84	-0.05528
35.85	-0.06392
35.86	-0.05701
35.87	-0.04762
35.88	-0.03505
35.89	-0.02718
35.9	-0.02957
35.91	-0.03011
35.92	-0.03082
35.93	-0.02062
35.94	-0.01105
35.95	-0.01029
35.96	-0.01831
35.97	-0.01303
35.98	-0.00655
35.99	0.00451
36	0.00936
36.01	0.01232
36.02	0.01031
36.03	0.00991
36.04	0.00478
36.05	-0.01124
36.06	-0.02244
36.07	-0.02111
36.08	-0.03343
36.09	-0.04811
36.1	-0.04616
36.11	-0.04732
36.12	-0.04331
36.13	-0.0352
36.14	-0.03228
36.15	-0.04579
36.16	-0.05045
36.17	-0.05448
36.18	-0.05132
36.19	-0.04517
36.2	-0.03361
36.21	-0.02482
36.22	-0.01787
36.23	-0.01441
36.24	-0.01982
36.25	-0.01467
36.26	-0.0013
36.27	-0.00108
36.28	-0.00724
36.29	-0.006
36.3	-0.00397
36.31	0.00427
36.32	0.0027
36.33	0.00531
36.34	0.00273
36.35	0.01003
36.36	0.01501
36.37	0.01147
36.38	0.01862
36.39	0.0321
36.4	0.02941
36.41	0.02155
36.42	0.02532
36.43	0.02729
36.44	0.03339
36.45	0.02671
36.46	0.02536
36.47	0.02473
36.48	0.02114
36.49	0.01903
36.5	0.01144
36.51	0.00928
36.52	0.01284
36.53	0.01949
36.54	0.0058
36.55	-0.00639
36.56	-0.00751
36.57	-0.00872
36.58	-0.017
36.59	-0.02027
36.6	-0.01128
36.61	-0.02009
36.62	-0.02523
36.63	-0.02508
36.64	-0.02888
36.65	-0.02653
36.66	-0.02351
36.67	-0.02413
36.68	-0.01187
36.69	-0.01265
36.7	-0.02232
36.71	-0.01799
36.72	-0.01021
36.73	0.00306
36.74	0.00647
36.75	0.01698
36.76	0.02768
36.77	0.03103
36.78	0.0275
36.79	0.02937
36.8	0.03484
36.81	0.04144
36.82	0.0337
36.83	0.0323
36.84	0.03199
36.85	0.02727
36.86	0.02049
36.87	0.0141
36.88	0.00866
36.89	0.00973
36.9	0.00418
36.91	-0.00019
36.92	0.00358
36.93	0.00494
36.94	0.00502
36.95	0.00559
36.96	0.00823
36.97	0.01692
36.98	0.01705
36.99	0.0189
37	0.02992
37.01	0.02895
37.02	0.02698
37.03	0.02542
37.04	0.03097
37.05	0.03112
37.06	0.02815
37.07	0.0237
37.08	0.03081
37.09	0.02471
37.1	0.02193
37.11	0.02791
37.12	0.03534
37.13	0.04194
37.14	0.04707
37.15	0.04562
37.16	0.06264
37.17	0.06355
37.18	0.06296
37.19	0.06684
37.2	0.06575
37.21	0.06696
37.22	0.06519
37.23	0.05788
37.24	0.06939
37.25	0.06934
37.26	0.06578
37.27	0.06758
37.28	0.0623
37.29	0.06167
37.3	0.05912
37.31	0.05521
37.32	0.06376
37.33	0.06023
37.34	0.05188
37.35	0.04756
37.36	0.03478
37.37	0.03026
37.38	0.02463
37.39	0.01822
37.4	0.02408
37.41	0.0177
37.42	0.00344
37.43	-0.01089
37.44	-0.03045
37.45	-0.04976
37.46	-0.07183
37.47	-0.08636
37.48	-0.08698
37.49	-0.10149
37.5	-0.11588
37.51	-0.12051
37.52	-0.12906
37.53	-0.12599
37.54	-0.11724
37.55	-0.10734
37.56	-0.0754
37.57	-0.06064
37.58	-0.05075
37.59	-0.03236
37.6	-0.02198
37.61	-0.00824
37.62	-0.00793
37.63	-0.01132
37.64	-0.0153
37.65	-0.01578
37.66	-0.02434
37.67	-0.02444
37.68	-0.02405
37.69	-0.01582
37.7	-0.01096
37.71	-0.01089
37.72	-0.01825
37.73	-0.00516
37.74	0.00561
37.75	0.00184
37.76	0.01004
37.77	0.01916
37.78	0.01601
37.79	0.01192
37.8	0.01478
37.81	0.01347
37.82	0.01701
37.83	0.01501
37.84	0.01515
37.85	0.01742
37.86	0.016
37.87	0.0142
37.88	0.01904
37.89	0.02327
37.9	0.03052
37.91	0.04409
37.92	0.03539
37.93	0.03193
37.94	0.03376
37.95	0.03074
37.96	0.03456
37.97	0.02649
37.98	0.02925
37.99	0.02842
38	0.0205
38.01	0.0188
38.02	0.0209
38.03	0.02794
38.04	0.03733
38.05	0.03141
38.06	0.03438
38.07	0.03667
38.08	0.03839
38.09	0.03085
38.1	0.02531
38.11	0.02217
38.12	0.02273
38.13	0.02055
38.14	0.01402
38.15	0.02219
38.16	0.03531
38.17	0.0296
38.18	0.01671
38.19	0.01253
38.2	0.00769
38.21	0.01135
38.22	0.01894
38.23	0.00863
38.24	0.00904
38.25	0.00633
38.26	0.00671
38.27	0.00426
38.28	-0.00224
38.29	-0.00741
38.3	-0.00803
38.31	-0.00784
38.32	-0.01091
38.33	-0.00882
38.34	0.00359
38.35	-0.00233
38.36	-0.01458
38.37	-0.01036
38.38	-0.00514
38.39	0.00724
38.4	0.02029
38.41	0.02592
38.42	0.03101
38.43	0.03562
38.44	0.04762
38.45	0.05369
38.46	0.04291
38.47	0.04857
38.48	0.04649
38.49	0.04852
38.5	0.04664
38.51	0.04904
38.52	0.04202
38.53	0.03474
38.54	0.0308
38.55	0.02088
38.56	0.01334
38.57	-0.00035
38.58	-0.00526
38.59	0.00007
38.6	-0.00854
38.61	-0.01692
38.62	-0.02289
38.63	-0.02746
38.64	-0.03132
38.65	-0.043
38.66	-0.0499
38.67	-0.04972
38.68	-0.04819
38.69	-0.04743
38.7	-0.04611
38.71	-0.04779
38.72	-0.0468
38.73	-0.03709
38.74	-0.0338
38.75	-0.03723
38.76	-0.03757
38.77	-0.03476
38.78	-0.01838
38.79	-0.02044
38.8	-0.03116
38.81	-0.03571
38.82	-0.03352
38.83	-0.02782
38.84	-0.03795
38.85	-0.05559
38.86	-0.05949
38.87	-0.06044
38.88	-0.05167
38.89	-0.04248
38.9	-0.03188
38.91	-0.01711
38.92	-0.00244
38.93	0.01323
38.94	0.02455
38.95	0.01976
38.96	0.01142
38.97	0.00494
38.98	0.00968
38.99	0.007
39	-0.01225
39.01	-0.02108
39.02	-0.02664
39.03	-0.02708
39.04	-0.03352
39.05	-0.03717
39.06	-0.0354
39.07	-0.03732
39.08	-0.03534
39.09	-0.03682
39.1	-0.03669
39.11	-0.04681
39.12	-0.04
39.13	-0.03092
39.14	-0.03172
39.15	-0.03463
39.16	-0.02641
39.17	-0.02561
39.18	-0.02995
39.19	-0.03681
39.2	-0.03059
39.21	-0.0174
39.22	-0.01595
39.23	-0.01946
39.24	-0.01346
39.25	-0.0095
39.26	-0.00121
39.27	0.01125
39.28	0.00408
39.29	0.00363
39.3	0.00864
39.31	0.00705
39.32	0.01676
39.33	0.01619
39.34	0.01408
39.35	0.00761
39.36	0.00731
39.37	0.00475
39.38	0.00013
39.39	-0.00356
39.4	0.00247
39.41	-0.00068
39.42	-0.0135
39.43	-0.01434
39.44	-0.01329
39.45	-0.01121
39.46	-0.00984
39.47	-0.02098
39.48	-0.02637
39.49	-0.0269
39.5	-0.02504
39.51	-0.02727
39.52	-0.02849
39.53	-0.02108
39.54	-0.01857
39.55	-0.02086
39.56	-0.02013
39.57	-0.02011
39.58	-0.02107
39.59	-0.01766
39.6	-0.01274
39.61	-0.0199
39.62	-0.01818
39.63	-0.01891
39.64	-0.0174
39.65	-0.01919
39.66	-0.02109
39.67	-0.01964
39.68	-0.01715
39.69	-0.0159
39.7	-0.01234
39.71	-0.01447
39.72	-0.01023
39.73	-0.00496
39.74	-0.01755
39.75	-0.03328
39.76	-0.02649
39.77	-0.01621
39.78	-0.01701
39.79	-0.0154
39.8	-0.00251
39.81	0.00171
39.82	0.00153
39.83	0.00529
39.84	0.00742
39.85	0.01888
39.86	0.0244
39.87	0.02162
39.88	0.03485
39.89	0.03534
39.9	0.02983
39.91	0.03408
39.92	0.03887
39.93	0.04872
39.94	0.04898
39.95	0.05222
39.96	0.05686
39.97	0.05477
39.98	0.05463
39.99	0.05236
40	0.04864
40.01	0.04908
40.02	0.03985
40.03	0.03073
40.04	0.01744
40.05	0.00643
40.06	0.00894
40.07	-0.00681
40.08	-0.01574
40.09	-0.02708
40.1	-0.02597
40.11	-0.03242
40.12	-0.03429
40.13	-0.04452
40.14	-0.04801
40.15	-0.0547
40.16	-0.06058
40.17	-0.06107
40.18	-0.05286
40.19	-0.05068
40.2	-0.0488
40.21	-0.05409
40.22	-0.04548
40.23	-0.0442
40.24	-0.05033
40.25	-0.05332
40.26	-0.05017
40.27	-0.04974
40.28	-0.05263
40.29	-0.04879
40.3	-0.04802
40.31	-0.0456
40.32	-0.05277
40.33	-0.05038
40.34	-0.04642
40.35	-0.03772
40.36	-0.03735
40.37	-0.03462
40.38	-0.02521
40.39	-0.02264
40.4	-0.02777
40.41	-0.02622
40.42	-0.02114
40.43	-0.01405
40.44	-0.01422
40.45	-0.01416
40.46	-0.00225
40.47	0.00206
40.48	-0.00059
40.49	-0.00007
40.5	0.00761
40.51	0.01773
40.52	0.01958
40.53	0.0222
40.54	0.02873
40.55	0.02758
40.56	0.02303
40.57	0.02672
40.58	0.02975
40.59	0.03636
40.6	0.03783
40.61	0.03745
40.62	0.04794
40.63	0.0492
40.64	0.04544
40.65	0.05032
40.66	0.05113
40.67	0.05588
40.68	0.05223
40.69	0.04852
40.7	0.04825
40.71	0.04234
40.72	0.03174
40.73	0.02735
40.74	0.01996
40.75	0.02019
40.76	0.0098
40.77	0.00177
40.78	0.00135
40.79	0.0042
40.8	0.00626
40.81	0.01074
40.82	0.01631
40.83	0.02333
40.84	0.03379
40.85	0.02519
40.86	0.01703
40.87	0.02858
40.88	0.03893
40.89	0.04002
40.9	0.04595
40.91	0.06348
40.92	0.06303
40.93	0.05702
40.94	0.05702
40.95	0.05771
40.96	0.06419
40.97	0.06151
40.98	0.06259
40.99	0.06398
41	0.06627
41.01	0.06498
41.02	0.06399
41.03	0.05721
41.04	0.05344
41.05	0.05559
41.06	0.05831
41.07	0.04293
41.08	0.03545
41.09	0.03255
41.1	0.02687
41.11	0.02293
41.12	0.01279
41.13	0.00786
41.14	-0.00173
41.15	-0.01337
41.16	-0.01733
41.17	-0.01916
41.18	-0.02099
41.19	-0.01365
41.2	-0.02245
41.21	-0.02677
41.22	-0.02895
41.23	-0.02869
41.24	-0.02435
41.25	-0.02131
41.26	-0.01998
41.27	-0.01412
41.28	-0.01228
41.29	-0.0125
41.3	-0.00215
41.31	0.01263
41.32	0.00979
41.33	0.00682
41.34	0.00928
41.35	0.01005
41.36	0.01722
41.37	0.01897
41.38	0.00617
41.39	0.00273
41.4	0.00188
41.41	0.00056
41.42	-0.00222
41.43	-0.00537
41.44	-0.01139
41.45	-0.0135
41.46	-0.01395
41.47	-0.01456
41.48	-0.01496
41.49	-0.0029
41.5	0.00258
41.51	-0.0063
41.52	-0.00689
41.53	-0.0035
41.54	0.00064
41.55	-0.0073
41.56	-0.01579
41.57	-0.0164
41.58	-0.01808
41.59	-0.013
41.6	0.00225
41.61	0.00608
41.62	-0.00269
41.63	-0.00101
41.64	0.00214
41.65	0.0128
41.66	0.01528
41.67	0.01529
41.68	0.01851
41.69	0.01938
41.7	0.02909
41.71	0.02962
41.72	0.02755
41.73	0.01081
41.74	0.00389
41.75	0.00664
41.76	-0.0056
41.77	-0.0185
41.78	-0.02972
41.79	-0.01912
41.8	-0.02954
41.81	-0.04185
41.82	-0.04162
41.83	-0.03478
41.84	-0.02951
41.85	-0.03211
41.86	-0.02965
41.87	-0.02205
41.88	-0.00196
41.89	0.00248
41.9	0.00026
41.91	0.00934
41.92	0.0177
41.93	0.03092
41.94	0.02802
41.95	0.02023
41.96	0.0287
41.97	0.02852
41.98	0.03269
41.99	0.03641
42	0.03527
42.01	0.03373
42.02	0.03606
42.03	0.05071
42.04	0.06566
42.05	0.05676
42.06	0.05182
42.07	0.05252
42.08	0.05398
42.09	0.04173
42.1	0.03922
42.11	0.03748
42.12	0.03135
42.13	0.02939
42.14	0.01859
42.15	0.01256
42.16	0.00032
42.17	-0.00069
42.18	0.00254
42.19	-0.00879
42.2	-0.01945
42.21	-0.01621
42.22	-0.01764
42.23	-0.02742
42.24	-0.02936
42.25	-0.02203
42.26	-0.00747
42.27	-0.01223
42.28	-0.02082
42.29	-0.01775
42.3	-0.01631
42.31	-0.00975
42.32	-0.00349
42.33	-0.00847
42.34	-0.01058
42.35	-0.00878
42.36	0.00183
42.37	0.00368
42.38	-0.00058
42.39	0.00203
42.4	0.00472
42.41	0.01225
42.42	0.01228
42.43	0.01014
42.44	0.00392
42.45	0.00453
42.46	0.00248
42.47	-0.00634
42.48	-0.01123
42.49	-0.00058
42.5	-0.00816
42.51	-0.0199
42.52	-0.02016
42.53	-0.02109
42.54	-0.01922
42.55	-0.01246
42.56	-0.01969
42.57	-0.02569
42.58	-0.02633
42.59	-0.02216
42.6	-0.01817
42.61	-0.01701
42.62	-0.01211
42.63	-0.00165
42.64	0.00487
42.65	-0.00082
42.66	0.00483
42.67	0.0153
42.68	0.01205
42.69	0.00264
42.7	-0.00137
42.71	-0.00585
42.72	-0.00274
42.73	-0.01697
42.74	-0.02155
42.75	-0.03748
42.76	-0.03845
42.77	-0.0405
42.78	-0.05363
42.79	-0.06169
42.8	-0.05616
42.81	-0.06239
42.82	-0.07223
42.83	-0.06801
42.84	-0.06451
42.85	-0.05352
42.86	-0.05227
42.87	-0.05258
42.88	-0.0573
42.89	-0.05533
42.9	-0.05187
42.91	-0.05509
42.92	-0.05066
42.93	-0.04221
42.94	-0.03293
42.95	-0.03605
42.96	-0.03622
42.97	-0.03166
42.98	-0.02252
42.99	-0.01665
43	-0.01624
43.01	-0.00186
43.02	-0.00257
43.03	-0.00666
43.04	-0.00327
43.05	-0.00072
43.06	0.0101
43.07	0.00054
43.08	-0.00084
43.09	-0.00267
43.1	-0.00993
43.11	-0.01313
43.12	-0.00988
43.13	-0.00912
43.14	-0.00163
43.15	0.00215
43.16	-0.00001
43.17	-0.01073
43.18	-0.00377
43.19	0.00434
43.2	0.00232
43.21	0.00454
43.22	0.01169
43.23	0.02218
43.24	0.01438
43.25	0.00937
43.26	0.018
43.27	0.02701
43.28	0.02519
43.29	0.02788
43.3	0.03866
43.31	0.05014
43.32	0.04582
43.33	0.04349
43.34	0.05737
43.35	0.06987
43.36	0.07424
43.37	0.0783
43.38	0.08692
43.39	0.09126
43.4	0.07319
43.41	0.05176
43.42	0.05341
43.43	0.04356
43.44	0.02651
43.45	0.01353
43.46	0.0087
43.47	0.00497
43.48	-0.00677
43.49	-0.02944
43.5	-0.02485
43.51	-0.0269
43.52	-0.03071
43.53	-0.03229
43.54	-0.02559
43.55	-0.02048
43.56	-0.01723
43.57	-0.02106
43.58	-0.01531
43.59	-0.01086
43.6	-0.00807
43.61	-0.0063
43.62	0.00304
43.63	0.00469
43.64	0.01134
43.65	0.01156
43.66	0.01583
43.67	0.01845
43.68	0.02144
43.69	0.02181
43.7	0.02855
43.71	0.02572
43.72	0.02312
43.73	0.02152
43.74	0.01983
43.75	0.01628
43.76	0.01534
43.77	0.0117
43.78	0.00952
43.79	0.00077
43.8	-0.00625
43.81	-0.01841
43.82	-0.02479
43.83	-0.03392
43.84	-0.04169
43.85	-0.04261
43.86	-0.04543
43.87	-0.05007
43.88	-0.05132
43.89	-0.05626
43.9	-0.05143
43.91	-0.04402
43.92	-0.04348
43.93	-0.03569
43.94	-0.02652
43.95	-0.01165
43.96	-0.01528
43.97	-0.0233
43.98	-0.01776
43.99	-0.01002
44	-0.014
44.01	-0.01588
44.02	-0.01458
44.03	-0.01728
44.04	-0.02514
44.05	-0.02625
44.06	-0.02654
44.07	-0.01709
44.08	-0.0086
44.09	-0.00874
44.1	-0.00223
44.11	-0.00345
44.12	-0.01313
44.13	-0.0122
44.14	-0.01347
44.15	-0.0057
44.16	-0.00222
44.17	-0.00039
44.18	-0.01347
44.19	-0.00942
44.2	0.00137
44.21	-0.00384
44.22	-0.00528
44.23	0.01016
44.24	0.0107
44.25	0.00631
44.26	0.00926
44.27	0.01344
44.28	0.02529
44.29	0.0195
44.3	0.02176
44.31	0.01385
44.32	0.01697
44.33	0.02241
44.34	0.01844
44.35	0.02248
44.36	0.03806
44.37	0.03289
44.38	0.01739
44.39	0.01141
44.4	0.00228
44.41	0.00535
44.42	0.00249
44.43	0.00017
44.44	-0.00823
44.45	-0.00248
44.46	0.00285
44.47	0.00214
44.48	0.00309
44.49	0.01404
44.5	0.02276
44.51	0.02332
44.52	0.02903
44.53	0.03799
44.54	0.04717
44.55	0.04351
44.56	0.03629
44.57	0.03374
44.58	0.03182
44.59	0.03809
44.6	0.0397
44.61	0.02544
44.62	0.01848
44.63	0.01411
44.64	0.01306
44.65	0.0054
44.66	0.00021
44.67	-0.01245
44.68	-0.01762
44.69	-0.01359
44.7	-0.02211
44.71	-0.03
44.72	-0.02703
44.73	-0.02876
44.74	-0.03792
44.75	-0.04447
44.76	-0.04348
44.77	-0.0312
44.78	-0.03877
44.79	-0.04937
44.8	-0.04787
44.81	-0.04535
44.82	-0.03872
44.83	-0.04406
44.84	-0.04813
44.85	-0.0461
44.86	-0.04307
44.87	-0.03035
44.88	-0.01556
44.89	-0.01412
44.9	-0.01282
44.91	-0.00026
44.92	0.02005
44.93	0.03473
44.94	0.03418
44.95	0.03674
44.96	0.03745
44.97	0.04585
44.98	0.049
44.99	0.04274
45	0.04083
45.01	0.0392
45.02	0.03941
45.03	0.03071
45.04	0.0187
45.05	0.01267
45.06	0.00323
45.07	0.00073
45.08	-0.01021
45.09	-0.0192
45.1	-0.02112
45.11	-0.02629
45.12	-0.0221
45.13	-0.02365
45.14	-0.01867
45.15	-0.0138
45.16	-0.01435
45.17	-0.01026
45.18	-0.01206
45.19	-0.00918
45.2	-0.01482
45.21	-0.00995
45.22	0.00007
45.23	-0.00122
45.24	-0.00092
45.25	-0.00671
45.26	-0.00269
45.27	0.00214
45.28	0.00019
45.29	-0.00145
45.3	-0.00752
45.31	-0.00673
45.32	-0.00635
45.33	-0.00982
45.34	-0.01495
45.35	-0.01316
45.36	-0.01462
45.37	-0.02219
45.38	-0.03353
45.39	-0.04077
45.4	-0.03323
45.41	-0.03963
45.42	-0.05358
45.43	-0.05101
45.44	-0.04943
45.45	-0.03753
45.46	-0.03621
45.47	-0.03767
45.48	-0.03595
45.49	-0.03003
45.5	-0.01617
45.51	0.0002
45.52	-0.00591
45.53	-0.00805
45.54	-0.00057
45.55	0.00839
45.56	0.00735
45.57	0.01168
45.58	0.00861
45.59	0.01124
45.6	0.02204
45.61	0.02423
45.62	0.02296
45.63	0.02671
45.64	0.02506
45.65	0.01761
45.66	0.01413
45.67	0.01846
45.68	0.02632
45.69	0.01944
45.7	0.01306
45.71	0.00955
45.72	0.00723
45.73	0.01966
45.74	0.02402
45.75	0.02127
45.76	0.02037
45.77	0.02046
45.78	0.02413
45.79	0.0245
45.8	0.02399
45.81	0.03322
45.82	0.03785
45.83	0.03469
45.84	0.03689
45.85	0.0383
45.86	0.04003
45.87	0.03717
45.88	0.02628
45.89	0.01616
45.9	0.01155
45.91	0.01445
45.92	0.00429
45.93	0.00048
45.94	-0.00821
45.95	-0.01258
45.96	-0.01668
45.97	-0.02506
45.98	-0.02712
45.99	-0.01902
46	-0.01977
46.01	-0.0235
46.02	-0.01979
46.03	-0.01736
46.04	-0.00908
46.05	-0.01157
46.06	-0.01072
46.07	-0.01045
46.08	-0.00525
46.09	-0.00251
46.1	-0.00818
46.11	-0.01143
46.12	-0.00671
46.13	0.00049
46.14	0.00576
46.15	-0.00143
46.16	-0.00556
46.17	-0.00673
46.18	-0.00744
46.19	-0.00678
46.2	-0.0147
46.21	-0.00301
46.22	-0.00933
46.23	-0.02082
46.24	-0.02296
46.25	-0.02126
46.26	-0.0135
46.27	-0.02219
46.28	-0.02493
46.29	-0.02268
46.3	-0.02695
46.31	-0.03291
46.32	-0.03149
46.33	-0.03285
46.34	-0.02975
46.35	-0.02664
46.36	-0.03385
46.37	-0.04461
46.38	-0.03964
46.39	-0.0327
46.4	-0.03736
46.41	-0.02835
46.42	-0.01683
46.43	-0.00156
46.44	-0.00421
46.45	-0.00833
46.46	-0.00026
46.47	0.0086
46.48	0.00599
46.49	0.00807
46.5	0.01623
46.51	0.02245
46.52	0.01843
46.53	0.01725
46.54	0.01877
46.55	0.02385
46.56	0.01995
46.57	0.01749
46.58	0.02111
46.59	0.01997
46.6	0.00647
46.61	-0.00002
46.62	0.00134
46.63	0.00082
46.64	-0.00566
46.65	-0.00241
46.66	0.00448
46.67	0.01246
46.68	0.01382
46.69	0.01266
46.7	0.0193
46.71	0.02881
46.72	0.0269
46.73	0.0266
46.74	0.03413
46.75	0.04189
46.76	0.03189
46.77	0.0232
46.78	0.02395
46.79	0.0266
46.8	0.02401
46.81	0.02441
46.82	0.03387
46.83	0.03607
46.84	0.03192
46.85	0.03223
46.86	0.02992
46.87	0.02818
46.88	0.02306
46.89	0.01203
46.9	0.01919
46.91	0.01248
46.92	0.0048
46.93	0.0051
46.94	0.00303
46.95	0.00461
46.96	0.00605
46.97	0.00353
46.98	0.02248
46.99	0.02439
47	0.02174
47.01	0.02493
47.02	0.02834
47.03	0.03721
47.04	0.03481
47.05	0.03062
47.06	0.03304
47.07	0.03536
47.08	0.03041
47.09	0.03262
47.1	0.03475
47.11	0.04396
47.12	0.04039
47.13	0.04318
47.14	0.04567
47.15	0.04609
47.16	0.04827
47.17	0.04396
47.18	0.04105
47.19	0.0376
47.2	0.03978
47.21	0.02672
47.22	0.01726
47.23	0.02079
47.24	0.02339
47.25	0.01872
47.26	0.00943
47.27	0.02232
47.28	0.02043
47.29	0.01216
47.3	0.01452
47.31	0.01553
47.32	0.02452
47.33	0.01865
47.34	0.01683
47.35	0.00699
47.36	0.00795
47.37	0.01139
47.38	0.00077
47.39	-0.00333
47.4	0.00994
47.41	0.00617
47.42	-0.00741
47.43	-0.0119
47.44	-0.01258
47.45	-0.00077
47.46	-0.00173
47.47	-0.0042
47.48	-0.01286
47.49	-0.00593
47.5	0.00312
47.51	0.00421
47.52	0.00198
47.53	0.01407
47.54	0.01569
47.55	0.00621
47.56	0.01068
47.57	0.01338
47.58	0.02014
47.59	0.03092
47.6	0.02475
47.61	0.01835
47.62	0.01548
47.63	0.01775
47.64	0.00682
47.65	0.00348
47.66	-0.01074
47.67	-0.0127
47.68	-0.00684
47.69	-0.01501
47.7	-0.02252
47.71	-0.02223
47.72	-0.02334
47.73	-0.03373
47.74	-0.03762
47.75	-0.03554
47.76	-0.01958
47.77	-0.02211
47.78	-0.03033
47.79	-0.02762
47.8	-0.02085
47.81	-0.01248
47.82	-0.00644
47.83	-0.01269
47.84	-0.02339
47.85	-0.02663
47.86	-0.01522
47.87	-0.00649
47.88	-0.01677
47.89	-0.01912
47.9	-0.01795
47.91	-0.01037
47.92	-0.00951
47.93	-0.00732
47.94	-0.00242
47.95	-0.0011
47.96	0.00247
47.97	-0.00561
47.98	-0.00813
47.99	-0.01958
48	-0.01841
48.01	-0.01731
48.02	-0.02603
48.03	-0.0317
48.04	-0.03795
48.05	-0.03798
48.06	-0.03878
48.07	-0.04452
48.08	-0.0483
48.09	-0.04684
48.1	-0.04404
48.11	-0.0476
48.12	-0.04809
48.13	-0.0442
48.14	-0.03095
48.15	-0.02466
48.16	-0.02192
48.17	-0.01801
48.18	-0.01442
48.19	-0.00052
48.2	0.00992
48.21	0.01452
48.22	0.01815
48.23	0.02255
48.24	0.0385
48.25	0.04463
48.26	0.04029
48.27	0.0368
48.28	0.03495
48.29	0.0416
48.3	0.04191
48.31	0.03545
48.32	0.03387
48.33	0.03184
48.34	0.04036
48.35	0.03186
48.36	0.01557
48.37	0.00796
48.38	0.00675
48.39	0.0139
48.4	-0.00058
48.41	-0.01989
48.42	-0.02361
48.43	-0.02472
48.44	-0.01967
48.45	-0.03179
48.46	-0.04465
48.47	-0.04555
48.48	-0.04216
48.49	-0.03352
48.5	-0.03418
48.51	-0.04207
48.52	-0.04575
48.53	-0.04569
48.54	-0.03861
48.55	-0.03409
48.56	-0.03529
48.57	-0.04079
48.58	-0.04147
48.59	-0.03211
48.6	-0.02444
48.61	-0.03091
48.62	-0.03166
48.63	-0.02832
48.64	-0.01939
48.65	-0.01571
48.66	-0.00654
48.67	-0.00508
48.68	-0.00041
48.69	0.00815
48.7	0.01223
48.71	0.01495
48.72	0.01481
48.73	0.01821
48.74	0.01687
48.75	0.01253
48.76	0.00461
48.77	0.01738
48.78	0.01346
48.79	0.00155
48.8	0.00173
48.81	0.00254
48.82	0.00789
48.83	0.01123
48.84	0.00239
48.85	-0.00609
48.86	-0.00763
48.87	-0.00578
48.88	-0.01353
48.89	-0.0133
48.9	-0.01837
48.91	-0.01408
48.92	-0.00567
48.93	-0.01123
48.94	-0.01523
48.95	-0.00225
48.96	0.00268
48.97	-0.0041
48.98	-0.0011
48.99	0.00321
49	0.01177
49.01	0.02088
49.02	0.0183
49.03	0.01867
49.04	0.02136
49.05	0.02757
49.06	0.03138
49.07	0.02696
49.08	0.02986
49.09	0.03353
49.1	0.03227
49.11	0.02898
49.12	0.03479
49.13	0.03738
49.14	0.03323
49.15	0.02747
49.16	0.02536
49.17	0.02462
49.18	0.02893
49.19	0.01891
49.2	0.0143
49.21	0.0074
49.22	0.00385
49.23	0.00207
49.24	-0.01142
49.25	-0.01579
49.26	-0.01408
49.27	-0.02144
49.28	-0.02908
49.29	-0.03372
49.3	-0.03641
49.31	-0.03477
49.32	-0.03828
49.33	-0.04044
49.34	-0.03613
49.35	-0.03796
49.36	-0.04445
49.37	-0.0428
49.38	-0.0411
49.39	-0.03731
49.4	-0.02971
49.41	-0.03238
49.42	-0.03569
49.43	-0.02523
49.44	-0.01209
49.45	-0.0122
49.46	-0.00261
49.47	0.01162
49.48	0.01412
49.49	0.01749
49.5	0.02399
49.51	0.02881
49.52	0.04014
49.53	0.04506
49.54	0.04569
49.55	0.05189
49.56	0.04811
49.57	0.03471
49.58	0.03109
49.59	0.02396
49.6	0.02777
49.61	0.01669
49.62	0.00681
49.63	0.00189
49.64	-0.00572
49.65	-0.02099
49.66	-0.0286
49.67	-0.03942
49.68	-0.04221
49.69	-0.05126
49.7	-0.06084
49.71	-0.08657
49.72	-0.07428
49.73	-0.06938
49.74	-0.07544
49.75	-0.06498
49.76	-0.05458
49.77	-0.04312
49.78	-0.04259
49.79	-0.04212
49.8	-0.04671
49.81	-0.02988
49.82	-0.01953
49.83	-0.0249
49.84	-0.01541
49.85	-0.00091
49.86	0.01088
49.87	0.00508
49.88	0.0011
49.89	0.01455
49.9	0.02839
49.91	0.0279
49.92	0.03409
49.93	0.04628
49.94	0.05597
49.95	0.04754
49.96	0.03832
49.97	0.0374
49.98	0.03456
49.99	0.02555
50	0.01758
50.01	0.01754
50.02	0.00676
50.03	-0.00206
50.04	-0.01192
50.05	-0.02328
50.06	-0.0289
50.07	-0.03504
50.08	-0.04653
50.09	-0.04156
50.1	-0.04896
50.11	-0.06386
50.12	-0.06621
50.13	-0.0624
50.14	-0.05409
50.15	-0.06111
50.16	-0.06015
50.17	-0.0503
50.18	-0.04544
50.19	-0.04345
50.2	-0.03935
50.21	-0.03546
50.22	-0.02354
50.23	-0.01574
50.24	-0.01983
50.25	-0.02437
50.26	-0.01263
50.27	-0.00037
50.28	0.00016
50.29	0.00763
50.3	0.02097
50.31	0.02178
50.32	0.02414
50.33	0.02959
50.34	0.03054
50.35	0.03792
50.36	0.03729
50.37	0.03487
50.38	0.03717
50.39	0.03595
50.4	0.03166
50.41	0.03277
50.42	0.03619
50.43	0.04252
50.44	0.05252
50.45	0.04653
50.46	0.04416
50.47	0.04748
50.48	0.04974
50.49	0.05272
50.5	0.05057
50.51	0.05853
50.52	0.06102
50.53	0.0588
50.54	0.05959
50.55	0.05876
50.56	0.05852
50.57	0.06404
50.58	0.05156
50.59	0.04503
50.6	0.03947
50.61	0.03695
50.62	0.037
50.63	0.03351
50.64	0.03255
50.65	0.03049
50.66	0.02367
50.67	0.01369
50.68	0.02073
50.69	0.03022
50.7	0.02726
50.71	0.01879
50.72	0.01391
50.73	0.00724
50.74	0.01273
50.75	0.00149
50.76	-0.00687
50.77	-0.01334
50.78	-0.02042
50.79	-0.02324
50.8	-0.02937
50.81	-0.03354
50.82	-0.0337
50.83	-0.03321
50.84	-0.03651
50.85	-0.03778
50.86	-0.03002
50.87	-0.01363
50.88	-0.01677
50.89	-0.02231
50.9	-0.01784
50.91	-0.0142
50.92	-0.00245
50.93	0.00149
50.94	0
50.95	-0.00297
50.96	-0.00148
50.97	0.0111
50.98	0.01778
50.99	0.00883
51	0.00367
51.01	0.00232
51.02	0.00106
51.03	-0.00901
51.04	-0.01449
51.05	-0.02033
51.06	-0.02823
51.07	-0.02634
51.08	-0.03216
51.09	-0.02479
51.1	-0.03307
51.11	-0.03328
51.12	-0.02693
51.13	-0.02306
51.14	-0.01936
51.15	-0.01809
51.16	-0.01253
51.17	-0.01301
51.18	-0.01225
51.19	-0.01158
51.2	-0.00232
51.21	0.00207
51.22	0.00192
51.23	0.00269
51.24	0.00152
51.25	0.0103
51.26	0.01207
51.27	0.00847
51.28	0.00582
51.29	0.00386
51.3	0.01406
51.31	0.01586
51.32	0.01038
51.33	0.007
51.34	0.00731
51.35	0.01793
51.36	0.01806
51.37	0.01023
51.38	0.00419
51.39	0.00124
51.4	0.00916
51.41	0.00387
51.42	-0.00954
51.43	-0.01617
51.44	-0.01527
51.45	-0.00185
51.46	-0.00392
51.47	-0.01226
51.48	-0.01353
51.49	-0.01252
51.5	0.00536
51.51	0.00611
51.52	0.00188
51.53	0.00443
51.54	0.01262
51.55	0.03071
51.56	0.02699
51.57	0.01682
51.58	0.01626
51.59	0.01766
51.6	0.02868
51.61	0.01912
51.62	0.01205
51.63	0.01031
51.64	0.00998
51.65	0.01593
51.66	0.01236
51.67	0.0068
51.68	0.00851
51.69	0.0093
51.7	0.01685
51.71	0.01587
51.72	0.01306
51.73	0.00491
51.74	0.00531
51.75	0.01335
51.76	0.02001
51.77	0.01502
51.78	0.00745
51.79	0.00756
51.8	0.01633
51.81	0.02417
51.82	0.0249
51.83	0.01753
51.84	0.01677
51.85	0.01733
51.86	0.0208
51.87	0.01627
51.88	0.0129
51.89	0.0065
51.9	0.00012
51.91	0.00097
51.92	-0.00825
51.93	-0.01037
51.94	-0.018
51.95	-0.01623
51.96	-0.01171
51.97	-0.01272
51.98	-0.01337
51.99	-0.00934
52	-0.00688
52.01	-0.01293
52.02	-0.01381
52.03	-0.0089
52.04	0.00471
52.05	-0.00387
52.06	-0.01289
52.07	-0.01553
52.08	-0.01555
52.09	-0.01386
52.1	-0.00489
52.11	-0.01357
52.12	-0.01802
52.13	-0.01735
52.14	-0.01344
52.15	-0.01485
52.16	-0.01294
52.17	-0.02125
52.18	-0.01685
52.19	-0.01149
52.2	-0.01313
52.21	-0.01534
52.22	-0.0031
52.23	-0.00541
52.24	-0.01137
52.25	-0.01133
52.26	-0.0112
52.27	-0.00077
52.28	0.0047
52.29	-0.00121
52.3	-0.0024
52.31	-0.0047
52.32	-0.00014
52.33	0.00497
52.34	0.0029
52.35	0.00592
52.36	0.0062
52.37	0.00441
52.38	-0.00056
52.39	0.0059
52.4	0.01321
52.41	0.01414
52.42	0.00891
52.43	0.00623
52.44	0.00884
52.45	0.01774
52.46	0.01561
52.47	0.0156
52.48	0.01561
52.49	0.0122
52.5	0.00707
52.51	0.00109
52.52	0.00183
52.53	-0.00206
52.54	0.00942
52.55	0.00799
52.56	0.00282
52.57	0.00246
52.58	-0.0002
52.59	0.00058
52.6	-0.0092
52.61	-0.00176
52.62	-0.00659
52.63	-0.01426
52.64	-0.01842
52.65	-0.02191
52.66	-0.0148
52.67	-0.02137
52.68	-0.02317
52.69	-0.02867
52.7	-0.03035
52.71	-0.03163
52.72	-0.03716
52.73	-0.03531
52.74	-0.03636
52.75	-0.02285
52.76	-0.02682
52.77	-0.03259
52.78	-0.02674
52.79	-0.01859
52.8	-0.01575
52.81	-0.01312
52.82	-0.00117
52.83	0.00106
52.84	0.00205
52.85	0.00473
52.86	0.00438
52.87	0.0076
52.88	0.00153
52.89	-0.00009
52.9	0.01564
52.91	0.00928
52.92	0.00277
52.93	0.00779
52.94	0.00798
52.95	0.01208
52.96	0.01367
52.97	0.0055
52.98	0.01282
52.99	0.00958
53	-0.00008
53.01	0.00021
53.02	-0.00342
53.03	-0.00022
53.04	0.00213
53.05	-0.00285
53.06	0.00867
53.07	0.01526
53.08	0.00417
53.09	0.00449
53.1	0.00523
53.11	0.00636
53.12	0.00985
53.13	0.01228
53.14	0.00931
53.15	0.01945
53.16	0.01651
53.17	0.00956
53.18	0.00984
53.19	0.01306
53.2	0.01808
53.21	0.01348
53.22	0.013
53.23	0.01928
53.24	0.01903
53.25	0.01174
53.26	0.00573
53.27	0.00352
53.28	0.0112
53.29	0.00648
53.3	0.00346
53.31	0.00192
53.32	0.00277
53.33	0.00391
53.34	-0.00021
53.35	-0.00071
53.36	0.00255
53.37	0.01512
53.38	0.0081
53.39	0.00176
53.4	0.00588
53.41	0.0125
53.42	0.01156
53.43	0.0054
53.44	0.01966
53.45	0.0167
53.46	0.01162
53.47	0.01333
53.48	0.00808
53.49	0.00927
53.5	0.0149
53.51	0.00818
53.52	0.00976
53.53	0.01106
53.54	0.00955
53.55	0.00891
53.56	0.0048
53.57	0.00793
53.58	0.00959
53.59	0.01492
53.6	0.01107
53.61	0.00883
53.62	0.00252
53.63	0.00049
53.64	0.00133
53.65	-0.00749
53.66	-0.01022
53.67	-0.01237
53.68	-0.01857
53.69	-0.02072
53.7	-0.0176
53.71	-0.0153
53.72	-0.00948
53.73	-0.01694
53.74	-0.01827
53.75	-0.01545
53.76	-0.01143
53.77	-0.01132
53.78	-0.00961
53.79	-0.00068
53.8	0.00074
53.81	0.00004
53.82	-0.00446
53.83	-0.00095
53.84	0.01245
53.85	0.00738
53.86	0.00147
53.87	0.00081
53.88	0.00013
53.89	0.01145
53.9	0.00941
53.91	0.00109
53.92	-0.00033
53.93	-0.0025
53.94	-0.00578
53.95	-0.00824
53.96	-0.01386
53.97	-0.01541
53.98	-0.01411
53.99	-0.0181
54	-0.0249
54.01	-0.02551
54.02	-0.01396
54.03	-0.02105
54.04	-0.03346
54.05	-0.03082
54.06	-0.02963
54.07	-0.01877
54.08	-0.01025
54.09	-0.01199
54.1	-0.01547
54.11	-0.00955
54.12	0.00214
54.13	0.01247
54.14	0.01217
54.15	0.01672
54.16	0.0178
54.17	0.02439
54.18	0.02563
54.19	0.02963
54.2	0.02408
54.21	0.03075
54.22	0.04166
54.23	0.04114
54.24	0.03902
54.25	0.04006
54.26	0.04594
54.27	0.04735
54.28	0.04203
54.29	0.03506
54.3	0.03642
54.31	0.03367
54.32	0.02344
54.33	0.01693
54.34	0.01756
54.35	0.02855
54.36	0.02209
54.37	0.00971
54.38	0.00678
54.39	0.01296
54.4	0.02176
54.41	0.01311
54.42	0.00459
54.43	0.00509
54.44	0.0065
54.45	0.01225
54.46	0.00385
54.47	-0.00457
54.48	-0.00873
54.49	-0.00602
54.5	0.00267
54.51	-0.00647
54.52	-0.01448
54.53	-0.01564
54.54	-0.01237
54.55	-0.00056
54.56	-0.00606
54.57	-0.0123
54.58	-0.01188
54.59	-0.01124
54.6	-0.00182
54.61	-0.00714
54.62	-0.01728
54.63	-0.0221
54.64	-0.02153
54.65	-0.01376
54.66	-0.02517
54.67	-0.03173
54.68	-0.03396
54.69	-0.03148
54.7	-0.02125
54.71	-0.02671
54.72	-0.03487
54.73	-0.04011
54.74	-0.04149
54.75	-0.03035
54.76	-0.03603
54.77	-0.03967
54.78	-0.04243
54.79	-0.03962
54.8	-0.02339
54.81	-0.0271
54.82	-0.03248
54.83	-0.02788
54.84	-0.01899
54.85	-0.00254
54.86	-0.0035
54.87	-0.00776
54.88	-0.00945
54.89	-0.00203
54.9	0.00957
54.91	-0.00013
54.92	-0.01299
54.93	-0.01688
54.94	-0.01625
54.95	-0.01009
54.96	-0.01981
54.97	-0.02901
54.98	-0.03102
54.99	-0.03075
55	-0.02141
55.01	-0.02639
55.02	-0.03218
55.03	-0.0318
55.04	-0.03077
55.05	-0.02241
55.06	-0.02328
55.07	-0.03022
55.08	-0.03094
55.09	-0.02666
55.1	-0.02127
55.11	-0.01716
55.12	-0.0209
55.13	-0.02957
55.14	-0.02946
55.15	-0.01901
55.16	-0.00875
55.17	-0.0151
55.18	-0.01401
55.19	-0.01211
55.2	-0.00655
55.21	-0.0101
55.22	-0.01017
55.23	-0.01333
55.24	-0.01274
55.25	-0.01098
55.26	-0.01012
55.27	-0.00606
55.28	-0.00608
55.29	0.00054
55.3	-0.00067
55.31	0.00029
55.32	0.00443
55.33	0.02047
55.34	0.01532
55.35	0.0093
55.36	0.01141
55.37	0.01611
55.38	0.02025
55.39	0.03206
55.4	0.02365
55.41	0.02174
55.42	0.02192
55.43	0.02474
55.44	0.02028
55.45	0.01888
55.46	0.01334
55.47	0.01855
55.48	0.02444
55.49	0.02007
55.5	0.01593
55.51	0.02131
55.52	0.01784
55.53	0.01227
55.54	0.01452
55.55	0.00641
55.56	0.00347
55.57	0.00112
55.58	0.00168
55.59	-0.01019
55.6	-0.01434
55.61	-0.01282
55.62	-0.00622
55.63	-0.00332
55.64	-0.00489
55.65	-0.00062
55.66	0.00028
55.67	0.00023
55.68	0.00017
55.69	0.00276
55.7	0.01195
55.71	0.02454
55.72	0.01968
55.73	0.01947
55.74	0.02063
55.75	0.02147
55.76	0.02249
55.77	0.0154
55.78	0.02028
55.79	0.01727
55.8	0.00788
55.81	0.00532
55.82	0.0022
55.83	0.00859
55.84	0.00358
55.85	0.00333
55.86	0.00257
55.87	0.0036
55.88	0.00435
55.89	-0.00548
55.9	-0.00512
55.91	-0.00273
55.92	0.00114
55.93	-0.00676
55.94	-0.01192
55.95	-0.0105
55.96	-0.00208
55.97	-0.00668
55.98	-0.01034
55.99	0.00156
56	0.00135
56.01	0.00194
56.02	0.00447
56.03	0.00727
56.04	0.01202
56.05	0.01164
56.06	0.00778
56.07	0.02193
56.08	0.02134
56.09	0.02284
56.1	0.02994
56.11	0.02931
56.12	0.03431
56.13	0.034
56.14	0.03061
56.15	0.03496
56.16	0.03372
56.17	0.02944
56.18	0.02362
56.19	0.01417
56.2	0.01383
56.21	0.00283
56.22	-0.0048
56.23	-0.00028
56.24	0.00677
56.25	-0.00551
56.26	-0.01685
56.27	-0.01535
56.28	-0.01599
56.29	-0.02065
56.3	-0.0171
56.31	-0.00928
56.32	-0.00394
56.33	-0.01148
56.34	-0.0235
56.35	-0.01415
56.36	-0.0096
56.37	-0.01588
56.38	-0.0121
56.39	-0.001
56.4	0.00846
56.41	0.00148
56.42	-0.00729
56.43	0.00622
56.44	0.00954
56.45	0.00012
56.46	-0.00034
56.47	0.00399
56.48	0.01554
56.49	0.00836
56.5	0.00078
56.51	0.00876
56.52	0.0125
56.53	0.00565
56.54	0.00387
56.55	0.00857
56.56	0.01209
56.57	0.01076
56.58	0.01186
56.59	0.01391
56.6	0.01763
56.61	0.01761
56.62	0.01315
56.63	0.0241
56.64	0.01738
56.65	0.00869
56.66	0.00803
56.67	0.00832
56.68	0.01248
56.69	0.01044
56.7	0.01008
56.71	0.01137
56.72	0.01105
56.73	0.00507
56.74	0.00234
56.75	0.00339
56.76	0.00549
56.77	0.00649
56.78	-0.0049
56.79	-0.01188
56.8	-0.00514
56.81	-0.00253
56.82	-0.00777
56.83	-0.01125
56.84	-0.00091
56.85	-0.00541
56.86	-0.01509
56.87	-0.01154
56.88	-0.01044
56.89	0.00125
56.9	0.00209
56.91	0.00132
56.92	-0.0087
56.93	-0.00058
56.94	0.01133
56.95	0.00923
56.96	0.00416
56.97	0.01687
56.98	0.0115
56.99	-0.00041
57	0.00029
57.01	-0.00015
57.02	0.00102
57.03	0.00462
57.04	-0.00676
57.05	-0.0133
57.06	-0.01366
57.07	-0.01283
57.08	-0.01035
57.09	-0.01211
57.1	-0.01079
57.11	-0.01076
57.12	-0.01436
57.13	-0.02358
57.14	-0.01754
57.15	-0.0085
57.16	-0.01354
57.17	-0.01628
57.18	-0.0143
57.19	-0.01457
57.2	-0.0027
57.21	0.00227
57.22	-0.00669
57.23	-0.00248
57.24	-0.00385
57.25	-0.00098
57.26	0.00321
57.27	0.00641
57.28	-0.00053
57.29	-0.00012
57.3	0.00705
57.31	0.00141
57.32	0.0005
57.33	-0.0002
57.34	0.00123
57.35	-0.00338
57.36	-0.00498
57.37	-0.00425
57.38	0.00997
57.39	0.00686
57.4	0.00127
57.41	0.00481
57.42	0.01156
57.43	0.01823
57.44	0.01194
57.45	0.00611
57.46	0.00146
57.47	-0.00017
57.48	0.0019
57.49	0.00549
57.5	-0.00336
57.51	-0.01155
57.52	-0.01453
57.53	-0.01486
57.54	-0.02037
57.55	-0.02499
57.56	-0.02954
57.57	-0.02991
57.58	-0.02642
57.59	-0.02948
57.6	-0.02919
57.61	-0.02902
57.62	-0.02792
57.63	-0.03033
57.64	-0.03511
57.65	-0.03657
57.66	-0.01887
57.67	-0.02165
57.68	-0.02586
57.69	-0.02197
57.7	-0.01499
57.71	-0.00545
57.72	0.00088
57.73	-0.00305
57.74	-0.00047
57.75	0.00102
57.76	0.00633
57.77	0.00567
57.78	0.01028
57.79	0.00451
57.8	0.00613
57.81	0.01544
57.82	0.01815
57.83	0.01842
57.84	0.02006
57.85	0.02382
57.86	0.02293
57.87	0.01939
57.88	0.02681
57.89	0.03467
57.9	0.03476
57.91	0.03596
57.92	0.03643
57.93	0.03725
57.94	0.04486
57.95	0.04169
57.96	0.04219
57.97	0.0337
57.98	0.0359
57.99	0.04224
58	0.03634
58.01	0.03396
58.02	0.04319
58.03	0.03861
58.04	0.0286
58.05	0.02711
58.06	0.02205
58.07	0.02259
58.08	0.02399
58.09	0.03139
58.1	0.02226
58.11	0.01575
58.12	0.0172
58.13	0.01378
58.14	0.01294
58.15	0.0081
58.16	0.0087
58.17	0.00293
58.18	-0.00622
58.19	-0.00941
58.2	-0.01153
58.21	-0.01286
58.22	-0.0059
58.23	-0.01609
58.24	-0.02435
58.25	-0.02456
58.26	-0.02362
58.27	-0.02008
58.28	-0.02064
58.29	-0.01473
58.3	-0.01494
58.31	-0.02012
58.32	-0.02103
58.33	-0.01998
58.34	-0.01137
58.35	-0.00766
58.36	-0.00785
58.37	-0.0144
58.38	-0.00478
58.39	0.00399
58.4	0.00058
58.41	0.00743
58.42	0.01231
58.43	0.01053
58.44	0.0084
58.45	0.01113
58.46	0.00756
58.47	0.0085
58.48	0.01144
58.49	0.01032
58.5	0.01898
58.51	0.01571
58.52	0.01084
58.53	0.01196
58.54	0.00575
58.55	0.00842
58.56	0.00886
58.57	0.00457
58.58	0.00852
58.59	0.00483
58.6	-0.00217
58.61	-0.00357
58.62	-0.00612
58.63	-0.00088
58.64	-0.00951
58.65	-0.01276
58.66	-0.01281
58.67	-0.01497
58.68	-0.02345
58.69	-0.02414
58.7	-0.02552
58.71	-0.01676
58.72	-0.01855
58.73	-0.01765
58.74	-0.01121
58.75	-0.00563
58.76	-0.00541
58.77	-0.00634
58.78	-0.00526
58.79	0.00018
58.8	0.00161
58.81	0.00487
58.82	0.00176
58.83	0.00193
58.84	0.00221
58.85	-0.00143
58.86	-0.00101
58.87	0.00129
58.88	0.00783
58.89	0.00176
58.9	-0.00811
58.91	-0.00315
58.92	0.00049
58.93	-0.00161
58.94	0.00115
58.95	0.00356
58.96	0.00624
58.97	0.0016
58.98	0.00053
58.99	0.00014
59	0.00102
59.01	0.00257
59.02	0.00112
59.03	0.01437
59.04	0.01157
59.05	0.00214
59.06	0.00033
59.07	0.00161
59.08	0.00873
59.09	0.00257
59.1	0.00402
59.11	0.00684
59.12	0.00994
59.13	0.01019
59.14	0.00326
59.15	0.00713
59.16	0.01109
59.17	0.01345
59.18	0.01034
59.19	0.00797
59.2	0.00481
59.21	0.00577
59.22	0.00402
59.23	-0.00028
59.24	-0.00112
59.25	-0.00467
59.26	-0.01008
59.27	-0.01167
59.28	-0.0122
59.29	-0.01243
59.3	-0.0105
59.31	-0.00399
59.32	-0.00917
59.33	-0.01177
59.34	-0.01083
59.35	-0.01207
59.36	-0.00869
59.37	-0.01116
59.38	-0.00952
59.39	-0.0082
59.4	-0.01056
59.41	-0.01213
59.42	-0.00798
59.43	-0.00766
59.44	-0.00239
59.45	-0.00584
59.46	-0.0029
59.47	-0.00567
59.48	-0.00569
59.49	-0.00395
59.5	-0.0046
59.51	-0.01051
59.52	-0.00816
59.53	-0.00746
59.54	-0.01048
59.55	-0.00877
59.56	-0.00156
59.57	-0.00595
59.58	-0.0102
59.59	-0.01004
59.6	-0.01019
59.61	-0.0028
59.62	0.00484
59.63	-0.00195
59.64	-0.00293
59.65	-0.00462
59.66	-0.00285
59.67	-0.00371
59.68	-0.00461
59.69	-0.00629
59.7	-0.00721
59.71	-0.00675
59.72	-0.00864
59.73	-0.00737
59.74	-0.0022
59.75	-0.00381
59.76	-0.01072
59.77	-0.01067
59.78	-0.00781
59.79	-0.00358
59.8	-0.00927
59.81	-0.0127
59.82	-0.012
59.83	-0.00941
59.84	-0.00201
59.85	0.00423
59.86	0.00129
59.87	-0.00053
59.88	-0.00031
59.89	0.0018
59.9	0.00321
59.91	0.00013
59.92	0.00055
59.93	0.00043
59.94	0.00205
59.95	-0.00129
59.96	-0.0056
59.97	-0.00715
59.98	-0.01095
59.99	-0.01043
60	-0.01301
60.01	-0.01083
60.02	-0.01184
60.03	-0.01409
60.04	-0.01297
60.05	-0.01287
60.06	-0.01261
60.07	-0.01676
60.08	-0.01708
60.09	-0.01257
60.1	-0.01298
60.11	-0.01307
60.12	-0.01502
60.13	-0.01318
60.14	-0.00748
60.15	-0.00789
60.16	-0.00579
60.17	-0.00419
60.18	-0.00452
60.19	-0.002
60.2	-0.00294
60.21	-0.00008
60.22	0.00153
60.23	0.00269
60.24	0.0082
60.25	0.00485
60.26	0.00129
60.27	0.00131
60.28	-0.00196
60.29	0.00046
60.3	0.0019
60.31	0.0025
60.32	0.00616
60.33	0.00425
60.34	0.00577
60.35	0.0031
60.36	0.00096
60.37	0.00725
60.38	0.01031
60.39	0.01491
60.4	0.01382
60.41	0.00891
60.42	0.00487
60.43	-0.00134
60.44	-0.00215
60.45	-0.00535
60.46	-0.00129
60.47	0.00174
60.48	0.00074
60.49	0.00111
60.5	-0.00416
60.51	-0.00554
60.52	-0.00878
60.53	-0.01017
60.54	-0.00684
60.55	-0.00551
60.56	-0.00472
60.57	-0.00834
60.58	-0.00929
60.59	-0.00872
60.6	-0.00977
60.61	-0.00955
60.62	-0.01094
60.63	-0.00922
60.64	-0.00735
60.65	-0.00891
60.66	-0.01154
60.67	-0.01176
60.68	-0.01145
60.69	-0.01255
60.7	-0.0133
60.71	-0.01032
60.72	0.00105
60.73	0.00403
60.74	0.00242
60.75	0.00411
60.76	0.00743
60.77	0.0098
60.78	0.00931
60.79	0.00866
60.8	0.00546
60.81	0.00457
60.82	0.00493
60.83	0.00498
60.84	0.0085
60.85	0.00439
60.86	0.00196
60.87	0.00119
60.88	0.00364
60.89	0.00382
60.9	0.00507
60.91	0.00441
60.92	0.00304
60.93	0.00401
60.94	0.00424
60.95	0.00506
60.96	0.00334
60.97	0.00466
60.98	0.00365
60.99	0.00235
61	0.0023
61.01	0.00704
61.02	0.00517
61.03	0.00319
61.04	0.00417
61.05	0.00477
61.06	0.00588
61.07	0.00904
61.08	0.00552
61.09	0.00445
61.1	0.00623
61.11	0.00769
61.12	0.0086
61.13	0.00925
61.14	0.01038
61.15	0.01086
61.16	0.01105
61.17	0.00887
61.18	0.0107
61.19	0.01302
61.2	0.01104
61.21	0.00814
61.22	0.00585
61.23	0.00418
61.24	0.00499
61.25	0.00244
61.26	0.002
61.27	0.00034
61.28	0.00047
61.29	0.00012
61.3	-0.00231
61.31	-0.00174
61.32	0.00053
61.33	-0.00162
61.34	-0.0032
61.35	-0.00349
61.36	-0.00341
61.37	-0.00077
61.38	-0.00218
61.39	-0.00237
61.4	-0.00316
61.41	-0.00213
61.42	-0.00123
61.43	-0.00332
61.44	-0.00228
61.45	-0.00077
61.46	-0.00226
61.47	-0.00379
61.48	-0.00391
61.49	-0.00508
61.5	-0.00394
61.51	-0.00315
61.52	-0.00272
61.53	-0.00208
61.54	-0.00178
61.55	-0.0016
61.56	-0.00181
61.57	-0.00168
61.58	-0.0005
61.59	0.0009
61.6	0.00068
61.61	-0.00079
61.62	0.00115
61.63	0.00213
61.64	0.00105
61.65	0.00289
61.66	0.00432
61.67	0.00497
61.68	0.00423
61.69	0.0039
61.7	0.00365
61.71	0.00379
61.72	0.00392
61.73	0.00335
61.74	0.00557
61.75	0.00443
61.76	0.00309
61.77	0.00347
61.78	0.00341
61.79	0.00408
61.8	0.00343
61.81	0.00228
61.82	0.00245
61.83	0.00186
61.84	0.0009
61.85	-0.00009
61.86	-0.00039
61.87	0.00074
61.88	0.00009
61.89	0.00047
61.9	0.00059
61.91	0.00126
61.92	0.00167
61.93	0.00084
61.94	0.0011
61.95	0.00172
61.96	0.00247
61.97	0.00136
61.98	0.00067
61.99	0.00103
62	0.00111
62.01	0.00084
62.02	0.00135
62.03	0.00211
62.04	0.00188
62.05	0.00176
62.06	0.00198
62.07	0.00186
62.08	0.00195
62.09	0.0019
62.1	0.00172
62.11	0.00181
62.12	0.00165
62.13	0.00127
62.14	0.00164
62.15	0.00176
62.16	0.00248
62.17	0.0022
62.18	0.00195
62.19	0.0016
62.2	0.00201
62.21	0.0024
62.22	0.00162
62.23	0.00194
62.24	0.00226
62.25	0.00197
62.26	0.0017
62.27	0.00162
62.28	0.00176
62.29	0.00201
62.3	0.00181
62.31	0.00149
62.32	0.00127
62.33	0.00131
62.34	0.00109
62.35	0.00046
62.36	0.00041
62.37	0.00053
62.38	0.00028
62.39	-0.00012
62.4	-0.00035
62.41	-0.00053
62.42	-0.00049
62.43	-0.00067
62.44	-0.00069
62.45	-0.00099
62.46	-0.00088
62.47	-0.00095
62.48	-0.00133
62.49	-0.00126
62.5	-0.00082
62.51	-0.00113
62.52	-0.00149
62.53	-0.0015
62.54	-0.0015
62.55	-0.00105
62.56	-0.00081
62.57	-0.00095
62.58	-0.00101
62.59	-0.00092
62.6	-0.00086
62.61	-0.00058
62.62	-0.00053
62.63	-0.00052
62.64	-0.00041
62.65	-0.00038
62.66	-0.00046
62.67	-0.00029
62.68	-0.00014
62.69	-0.00033
62.7	-0.00044
62.71	-0.00046
62.72	-0.00048
62.73	-0.00032
62.74	-0.00019
62.75	-0.00039
62.76	-0.00053
62.77	-0.00051
62.78	-0.00057
62.79	-0.00065
62.8	-0.00065
62.81	-0.00077
62.82	-0.00081
62.83	-0.00076
62.84	-0.0008
62.85	-0.00078
62.86	-0.00079
62.87	-0.00074
62.88	-0.00072
62.89	-0.00074
62.9	-0.00073
62.91	-0.00057
62.92	-0.00055
62.93	-0.00054
62.94	-0.00052
62.95	-0.00046
62.96	-0.00038
62.97	-0.00036
62.98	-0.00036
62.99	-0.00034
63	-0.0003
63.01	-0.00023
63.02	-0.00017
63.03	-0.00019
63.04	-0.00021
63.05	-0.0002
63.06	-0.00015
63.07	-0.0001
63.08	-0.00013
63.09	-0.00014
63.1	-0.00013
63.11	-0.00012
63.12	-0.00014
63.13	-0.00015
63.14	-0.00014
63.15	-0.00015
63.16	-0.00013
63.17	-0.00013
63.18	-0.00013
63.19	-0.00012
63.2	-0.00013
63.21	-0.00011
63.22	-0.00012
63.23	-0.00011
63.24	-0.0001
63.25	-0.00009
63.26	-0.00008
63.27	-0.00008
63.28	-0.00008
63.29	-0.00007
63.3	-0.00006
63.31	-0.00005
63.32	-0.00005
63.33	-0.00004
63.34	-0.00004
63.35	-0.00004
63.36	-0.00003
63.37	-0.00003
63.38	-0.00003
63.39	-0.00003
63.4	-0.00003
63.41	-0.00002
63.42	-0.00002
63.43	-0.00002
63.44	-0.00002
63.45	-0.00002
63.46	-0.00002
63.47	-0.00001
63.48	-0.00001
63.49	-0.00001
63.5	-0.00001
63.51	-0.00001
63.52	0
63.53	0
63.54	0
63.55	0
63.56	0.00001
63.57	0.00001
63.58	0.00001
63.59	0.00002
63.6	0.00002
63.61	0.00002
63.62	0.00002
63.63	0.00003
63.64	0.00003
63.65	0.00003
63.66	0.00003
63.67	0.00004
63.68	0.00004
63.69	0.00004
63.7	0.00005
63.71	0.00005
63.72	0.00005
63.73	0.00005
63.74	0.00006
63.75	0.00006
63.76	0.00006
63.77	0.00007
63.78	0.00007
63.79	0.00007
63.8	0.00007
